version: 9.0.0-alpha /home/cwalsh/linguistic-processses-ld/evaluator/lib/CorScorer.pm

METRIC muc:
====> (english); part 000:
File (english); part 000:
Entity 0: (0,1) (1651,1652) (2472,2473) (2719,2720) (3139,3140) (3641,3642) (3946,3947) (4394,4395) (4926,4927) (5932,5933) (6438,6439) (6883,6884) (7246,7247) (7478,7479) (7491,7491) (7643,7643) (7807,7807) (7836,7836) (8039,8040) (8143,8144)
Entity 1: (3,3) (1656,1656) (2722,2722) (3142,3142) (4931,4931) (7481,7481) (7855,7855)
Entity 2: (5,5) (1658,1658) (2724,2724) (3144,3144) (4933,4933) (7483,7483) (7857,7857)
Entity 3: (11,24) (36,36)
Entity 4: (23,24) (203,204) (404,405) (1573,1574) (1597,1598)
Entity 5: (26,26) (42,42) (1318,1318) (1609,1609) (1746,1746) (2189,2189) (2215,2215) (3203,3203) (3316,3316) (3321,3321) (3472,3472) (3644,3644) (3804,3804) (3949,3949) (3957,3957) (3969,3969) (3979,3979) (4039,4039) (4049,4049) (4120,4120) (4191,4191) (4240,4240) (4323,4323) (4367,4367) (4373,4373) (4382,4382) (4388,4388) (4500,4500) (4553,4553) (4725,4725) (4731,4731) (4949,4949) (5896,5896) (5900,5900) (5912,5912) (6024,6024) (6102,6102) (6257,6257) (6262,6262) (6315,6315) (6512,6512) (6517,6517) (6675,6675) (6771,6771) (6781,6781) (6833,6833) (6913,6913) (6932,6932) (6997,6997) (7082,7082) (7093,7093) (7249,7249) (7485,7485) (7740,7740) (8043,8043) (8045,8045) (8074,8074) (8099,8099)
Entity 6: (53,54) (123,125) (139,139) (1041,1042) (4213,4213)
Entity 7: (66,68) (1964,1965) (3368,3370) (3708,3710) (3911,3912) (4106,4108) (4136,4138) (4410,4410) (4448,4449)
Entity 8: (84,86) (130,132) (254,256) (341,341) (427,429) (607,608) (626,627) (662,664) (845,847) (1511,1513) (1540,1542) (1588,1590) (1676,1677) (3276,3278) (3433,3435) (3742,3743) (3864,3866) (3874,3876) (4309,4311) (4639,4640) (4735,4737) (4747,4747) (4783,4784) (5774,5775) (5817,5818) (5964,5966) (6061,6062) (6175,6176) (6500,6501) (6797,6797) (6816,6817) (6880,6881)
Entity 9: (91,91) (112,112) (121,121) (252,252) (425,425) (440,440) (451,451) (470,471) (569,569) (759,759) (857,857) (962,962) (999,999)
Entity 10: (130,133) (173,174) (1707,1708) (1842,1843) (2056,2058) (3864,3867)
Entity 11: (135,135) (414,414) (481,481) (578,578) (875,875) (897,897) (2090,2090)
Entity 12: (150,154) (1662,1668) (4608,4612)
Entity 13: (153,154) (3252,3253) (3259,3259) (3881,3882) (4697,4698) (4710,4710) (4719,4721)
Entity 14: (157,158) (1189,1192)
Entity 15: (169,170) (390,391) (454,455) (484,485) (487,487) (491,491) (495,495) (617,618) (650,651) (729,730) (913,914) (1021,1022) (1149,1150) (1273,1274) (1385,1385) (1399,1399) (2260,2261) (2324,2325) (2334,2334) (2353,2353) (4056,4057) (4391,4392) (4515,4516) (4909,4910) (4944,4945) (5862,5863) (6005,6006) (6182,6183) (6393,6394) (6411,6412) (6607,6608) (6858,6859) (6886,6887) (7495,7496) (7508,7509) (7523,7524) (7560,7561) (7580,7581) (7662,7663) (7940,7941) (7956,7956)
Entity 16: (178,180) (182,183)
Entity 17: (221,222) (242,243) (317,318) (333,334) (721,723) (1212,1213)
Entity 18: (251,252) (762,765)
Entity 19: (330,334) (1197,1199)
Entity 20: (398,405) (592,599)
Entity 21: (458,460) (475,475)
Entity 22: (497,499) (541,544)
Entity 23: (555,555) (561,561) (1736,1736) (1786,1786) (1830,1830) (2124,2124)
Entity 24: (613,615) (735,737)
Entity 25: (623,629) (4172,4177) (4335,4340) (4350,4351)
Entity 26: (674,675) (698,700)
Entity 27: (683,683) (702,702)
Entity 28: (685,685) (704,704) (972,972)
Entity 29: (687,688) (706,707)
Entity 30: (715,719) (750,751)
Entity 31: (716,716) (4358,4358)
Entity 32: (718,718) (4360,4360)
Entity 33: (725,725) (1047,1047) (1293,1296) (1429,1431) (1463,1463) (1486,1486) (2616,2616)
Entity 34: (725,727) (1047,1049)
Entity 35: (740,743) (767,773) (840,847) (902,902) (1016,1019)
Entity 36: (745,746) (1231,1232) (4161,4163) (4774,4775) (5432,5433) (6957,6958) (6979,6981) (7114,7115) (7786,7786) (7909,7909)
Entity 37: (863,865) (1921,1923)
Entity 38: (949,953) (956,956)
Entity 39: (974,974) (2432,2432)
Entity 40: (976,976) (2508,2508)
Entity 41: (1001,1001) (1013,1013)
Entity 42: (1084,1087) (1090,1090) (1112,1112)
Entity 43: (1134,1136) (1159,1161) (1912,1914) (2269,2271) (2295,2297) (3153,3153) (3486,3487) (3490,3491) (4070,4070) (4076,4076) (4147,4149) (4305,4307)
Entity 44: (1201,1203) (1231,1233) (3361,3362) (3914,3914) (4412,4412) (4451,4452) (4767,4767)
Entity 45: (1281,1286) (4206,4209) (4224,4224) (4229,4229) (4269,4270) (4282,4282)
Entity 46: (1331,1334) (1379,1382)
Entity 47: (1334,1334) (1382,1382) (1475,1475) (1515,1515) (1531,1531) (1551,1551) (1601,1601) (3841,3841)
Entity 48: (1374,1376) (1402,1403) (1638,1640)
Entity 49: (1389,1389) (1748,1748) (1767,1767) (1797,1797) (1815,1815) (1890,1890) (1907,1907) (1961,1961) (2056,2056) (2132,2132) (2185,2185) (2198,2198) (2224,2224) (2240,2240) (2243,2243) (2358,2358) (2425,2425) (2436,2436) (2753,2753) (2892,2892) (2915,2915) (2924,2924) (2942,2942) (2959,2959) (3051,3051) (3056,3056) (3100,3100) (3104,3104) (3115,3115) (3122,3122) (3133,3133) (3147,3147) (3166,3166) (3229,3229) (3249,3249) (3287,3287) (3299,3299) (3331,3331) (3334,3334) (3377,3377) (3444,3444) (3476,3476) (3504,3504) (3602,3602) (3610,3610) (3631,3631) (3677,3677) (3686,3686) (3733,3733) (3753,3753) (3758,3758) (3770,3770) (3795,3795) (3815,3815) (3833,3833) (3848,3848) (3871,3871) (3885,3885) (3933,3933) (3988,3988) (4093,4093) (4198,4198) (4249,4249) (4254,4254) (4266,4266) (4274,4274) (4332,4332) (4454,4454) (4473,4473) (4485,4485) (4507,4507) (4520,4520) (4742,4742) (4788,4788) (4817,4817) (4821,4821) (4827,4827) (4864,4864) (4882,4882) (5787,5787) (5977,5977) (5996,5996) (6068,6068) (6209,6209) (6214,6214) (6590,6590) (6647,6647) (7198,7198) (7300,7300) (7460,7460) (7469,7469) (7598,7598) (7629,7629) (7829,7829) (7840,7840) (7859,7859) (7887,7887) (7912,7912) (7970,7970) (7982,7982) (8000,8000) (8065,8065) (8164,8164)
Entity 50: (1407,1417) (1443,1444)
Entity 51: (1458,1463) (1465,1466) (1471,1471)
Entity 52: (1544,1549) (1565,1566)
Entity 53: (1553,1557) (1578,1579)
Entity 54: (1614,1617) (1627,1631)
Entity 55: (1654,1654) (1760,1760) (1765,1765) (1769,1769) (1959,1959) (1975,1975) (2161,2161) (2165,2165) (2180,2180) (2255,2255) (3650,3651) (3655,3655) (3843,3843) (3846,3846) (4929,4929)
Entity 56: (1722,1724) (1727,1727)
Entity 57: (1968,1971) (1978,1978)
Entity 58: (2017,2021) (2023,2023)
Entity 59: (2072,2081) (2098,2101)
Entity 60: (2113,2113) (4551,4551) (4591,4591) (4593,4593) (4600,4600) (4615,4615) (4623,4623) (4628,4628)
Entity 61: (2135,2137) (2141,2141)
Entity 62: (2157,2157) (3078,3078) (3755,3755) (3777,3777)
Entity 63: (2207,2209) (4130,4132)
Entity 64: (2230,2234) (4762,4765)
Entity 65: (2277,2279) (2317,2318)
Entity 66: (2278,2278) (2317,2317) (2365,2366) (3571,3571) (4289,4292)
Entity 67: (2282,2283) (3975,3976) (3978,3978)
Entity 68: (2289,2289) (2299,2299)
Entity 69: (2475,2480) (2656,2658)
Entity 70: (2484,2484) (3390,3390) (3410,3411)
Entity 71: (2514,2514) (2517,2517) (2675,2676)
Entity 72: (2526,2527) (4022,4023)
Entity 73: (2536,2538) (2540,2540)
Entity 74: (2552,2559) (2567,2568)
Entity 75: (2561,2562) (2571,2571) (2608,2609) (2627,2627)
Entity 76: (2573,2577) (2589,2590)
Entity 77: (2579,2580) (2582,2582)
Entity 78: (2621,2623) (2647,2648)
Entity 79: (2668,2669) (2713,2714)
Entity 80: (2684,2689) (2694,2694)
Entity 81: (2757,2757) (2763,2763)
Entity 82: (3028,3029) (3031,3031)
Entity 83: (3058,3060) (3074,3074)
Entity 84: (3124,3128) (3130,3131)
Entity 85: (3149,3154) (3483,3488)
Entity 86: (3152,3154) (3485,3488) (4104,4104)
Entity 87: (3155,3155) (3157,3158) (3227,3228) (3324,3325)
Entity 88: (3185,3187) (3211,3213) (3224,3224) (4511,4511) (5858,5858) (6211,6211) (6406,6406) (7511,7511) (7527,7527) (7565,7565) (7943,7943) (8008,8008) (8133,8133)
Entity 89: (3248,3248) (3348,3348) (4542,4542) (4823,4823) (4868,4868)
Entity 90: (3284,3286) (3406,3408)
Entity 91: (3357,3370) (3382,3383) (3457,3459) (3462,3462)
Entity 92: (3433,3442) (3450,3451)
Entity 93: (3469,3470) (3511,3512)
Entity 94: (3527,3528) (3532,3532)
Entity 95: (3567,3572) (3587,3588)
Entity 96: (3653,3657) (3671,3671)
Entity 97: (3690,3693) (3697,3697)
Entity 98: (3703,3704) (3725,3726)
Entity 99: (3783,3785) (5487,5489) (6185,6187) (6200,6201) (6206,6206) (6467,6468) (6526,6527) (6610,6612) (6637,6638) (6699,6700) (6708,6708) (6964,6965) (7050,7051) (7078,7079) (7576,7577) (7659,7660) (7793,7795) (7920,7922)
Entity 100: (3800,3801) (3806,3806)
Entity 101: (3851,3852) (3860,3860)
Entity 102: (3916,3916) (3919,3921) (4414,4414) (4466,4467) (4496,4498)
Entity 103: (3926,3930) (3936,3936) (3940,3940) (4441,4445) (4488,4492) (4494,4494)
Entity 104: (3929,3930) (4444,4445) (4458,4458) (4491,4492)
Entity 105: (3966,3967) (4378,4379)
Entity 106: (3993,3993) (4007,4013) (4018,4019)
Entity 107: (4045,4046) (4048,4048) (4127,4128)
Entity 108: (4062,4068) (4095,4095) (4144,4152)
Entity 109: (4066,4068) (4087,4089)
Entity 110: (4182,4183) (4186,4186)
Entity 111: (4206,4217) (4219,4219)
Entity 112: (4298,4299) (4317,4319)
Entity 113: (4398,4400) (4513,4514)
Entity 114: (4401,4406) (4416,4418)
Entity 115: (4562,4567) (4574,4574)
Entity 116: (4628,4630) (4632,4632)
Entity 117: (4795,4800) (4802,4803)
Entity 118: (4842,4844) (4846,4846)
Entity 119: (4850,4852) (4856,4856)
Entity 120: (4885,4889) (4944,4947) (5469,5471) (7591,7593)
Entity 121: (4894,4895) (4952,4953) (5695,5696) (5727,5727) (5909,5910) (5929,5930) (5939,5942) (6383,6384) (6388,6391) (6514,6515) (7097,7098) (7100,7100) (7131,7132) (7475,7476) (7498,7499) (7520,7521) (7719,7720) (7807,7808)
Entity 122: (4897,4898) (5935,5936) (6233,6234) (7275,7276)
Entity 123: (4903,4906) (5921,5923) (6249,6251) (6406,6409) (7267,7270) (7278,7281) (8027,8030)
Entity 124: (4909,4925) (6398,6401)
Entity 125: (4940,4947) (5466,5471) (5670,5671)
Entity 126: (4967,4969) (5037,5039) (5891,5894) (6000,6003) (6013,6016) (6433,6436) (6444,6447) (6574,6577) (6654,6656) (6731,6732) (6908,6911) (6922,6923) (7013,7014) (7090,7091) (7148,7149) (7290,7293) (7537,7539) (8204,8208)
Entity 127: (4979,4979) (4994,4994) (5060,5060) (5071,5071) (5117,5118) (5308,5309) (5592,5593) (6621,6626) (6633,6634) (7312,7312) (7314,7314)
Entity 128: (5016,5017) (5025,5026) (5187,5188) (5247,5248) (5377,5378) (5444,5445)
Entity 129: (5209,5220) (5227,5227)
Entity 130: (5265,5267) (5271,5271) (7369,7370) (7374,7375)
Entity 131: (5432,5434) (7441,7443)
Entity 132: (5526,5528) (5530,5530)
Entity 133: (5704,5705) (5734,5735)
Entity 134: (5737,5738) (5751,5752)
Entity 135: (5769,5775) (5782,5782) (5798,5798)
Entity 136: (5855,5856) (6236,6237) (6519,6520) (6679,6680)
Entity 137: (5865,5866) (6030,6031) (6414,6415) (6417,6417) (6422,6422)
Entity 138: (5873,5877) (5882,5882)
Entity 139: (5900,5901) (5903,5903)
Entity 140: (5917,5923) (5925,5925)
Entity 141: (6136,6137) (6150,6150)
Entity 142: (6239,6239) (6265,6265) (6278,6278)
Entity 143: (6283,6283) (6286,6286) (6292,6292)
Entity 144: (6299,6300) (6659,6659) (6878,6878) (8356,8357) (8367,8367)
Entity 145: (6320,6323) (7204,7208) (7214,7214)
Entity 146: (6327,6331) (6333,6333) (6354,6354)
Entity 147: (6340,6342) (7204,7205)
Entity 148: (6450,6454) (6456,6456)
Entity 149: (6488,6489) (6508,6508)
Entity 150: (6542,6543) (7978,7979)
Entity 151: (6604,6605) (6640,6641)
Entity 152: (6672,6673) (6672,6673) (7183,7185) (7339,7340) (7431,7433) (7446,7446) (7550,7552) (7754,7756) (7866,7868) (7877,7877)
Entity 153: (6785,6787) (6806,6806) (6808,6808) (6842,6844) (6851,6851) (6869,6869)
Entity 154: (6886,6891) (6894,6894)
Entity 155: (6919,6923) (6941,6941)
Entity 156: (7027,7034) (7041,7042)
Entity 157: (7062,7063) (7067,7067)
Entity 158: (7179,7193) (7195,7195)
Entity 159: (7220,7226) (7228,7228)
Entity 160: (7296,7298) (7463,7464)
Entity 161: (7385,7391) (7393,7393)
Entity 162: (7546,7552) (7554,7554)
Entity 163: (7567,7572) (7586,7586) (7634,7634)
Entity 164: (7690,7695) (7697,7697)
Entity 165: (7713,7716) (7734,7734)
Entity 166: (7759,7762) (7764,7764)
Entity 167: (7818,7827) (7831,7832) (7843,7844)
Entity 168: (7946,7953) (7962,7962)
Entity 169: (8021,8022) (8117,8118)
Entity 170: (8051,8063) (8136,8137)
Entity 171: (8051,8052) (8122,8123)
Entity 172: (8059,8063) (8127,8131)
Entity 173: (8069,8071) (8080,8081)
Entity 174: (8146,8146) (8156,8156)
Entity 175: (8168,8173) (8174,8174)
Entity 176: (8186,8193) (8216,8217) (8232,8233)
Entity 177: (8241,8246) (8249,8249)
Entity 178: (8251,8254) (8258,8259) (8263,8263) (8283,8283)
Entity 179: (8304,8304) (8319,8320)
====> (english); part 000:
File (english); part 000:
Entity 0: (3,3) (36,36)
Entity 1: (19,24) (53,54) (123,125) (139,139)
Entity 2: (26,26) (42,42)
Entity 3: (84,86) (130,132) (169,170) (186,186) (254,256) (390,391) (428,429) (454,455) (484,485) (487,487) (491,491) (495,495) (607,608) (617,618) (626,627) (650,651) (662,664) (729,730) (752,752) (812,814) (845,847) (913,914) (936,936) (1021,1022) (1051,1051) (1149,1150) (1273,1274) (1511,1513) (1541,1542) (1540,1542) (1588,1590) (1676,1677) (2260,2261) (2324,2325) (2334,2334) (2353,2353) (3276,3278) (3433,3435) (3742,3743) (3864,3866) (3874,3876) (3874,3886) (4007,4009) (4056,4057) (4309,4311) (4391,4392) (4515,4516) (4638,4640) (4735,4737) (4747,4747) (4783,4784) (4944,4945) (5774,5775) (5817,5818) (5862,5863) (5964,5966) (6005,6006) (6061,6062) (6175,6176) (6182,6183) (6393,6394) (6411,6412) (6500,6501) (6566,6566) (6607,6608) (6624,6624) (6797,6797) (6816,6817) (6858,6859) (6869,6869) (6880,6881) (6887,6887) (6894,6894) (7456,7456) (7508,7509) (7523,7524) (7560,7561) (7580,7581) (7593,7593) (7662,7663) (7940,7941) (7956,7956) (7962,7962)
Entity 4: (91,91) (112,112)
Entity 5: (173,173) (1707,1707) (1842,1842) (3248,3248) (3348,3348) (4542,4542) (4823,4823) (4868,4868)
Entity 6: (173,174) (1707,1708)
Entity 7: (221,222) (242,243) (333,334) (1212,1213)
Entity 8: (251,252) (765,765) (1257,1258)
Entity 9: (290,291) (358,359) (921,922)
Entity 10: (317,318) (366,367)
Entity 11: (330,334) (1041,1042)
Entity 12: (414,414) (481,481) (532,532) (578,578)
Entity 13: (425,425) (440,440) (505,505) (569,569)
Entity 14: (458,460) (475,475)
Entity 15: (662,666) (863,865) (920,924) (1201,1203) (1231,1233) (1247,1247) (1596,1598) (1921,1923) (1963,1965) (3368,3370) (3708,3710) (4066,4068) (4070,4070) (4136,4138)
Entity 16: (683,683) (702,702)
Entity 17: (685,685) (704,704) (972,972)
Entity 18: (685,688) (704,707) (711,712)
Entity 19: (687,688) (706,707)
Entity 20: (759,759) (962,962)
Entity 21: (931,932) (952,953)
Entity 22: (949,953) (956,956)
Entity 23: (974,974) (2432,2432)
Entity 24: (976,976) (2508,2508)
Entity 25: (985,987) (1134,1136) (1159,1161) (1912,1914) (2269,2271) (2295,2297) (3782,3785) (4147,4149) (4305,4307) (5487,5489) (6185,6187) (6200,6201) (6206,6206) (6214,6214) (6315,6317) (6467,6468) (6525,6527) (6610,6612) (6637,6638) (6699,6700) (6708,6708) (6963,6965) (7050,7051) (7576,7577) (7659,7660) (7793,7795) (7920,7922)
Entity 26: (1047,1047) (1462,1463) (1485,1486) (2615,2616)
Entity 27: (1084,1087) (1090,1090)
Entity 28: (1084,1092) (1112,1112)
Entity 29: (1170,1170) (1269,1269) (1318,1318) (1339,1339)
Entity 30: (1206,1213) (1578,1579)
Entity 31: (1293,1296) (1428,1431)
Entity 32: (1334,1334) (1382,1382) (1475,1475) (1515,1515) (1531,1531) (1551,1551) (1601,1601)
Entity 33: (1374,1376) (1402,1403) (1638,1640)
Entity 34: (1385,1385) (1399,1399)
Entity 35: (1410,1417) (1443,1444)
Entity 36: (1415,1417) (1990,1990)
Entity 37: (1454,1456) (1493,1495)
Entity 38: (1458,1467) (1471,1471)
Entity 39: (1609,1609) (1694,1694) (1746,1746)
Entity 40: (1614,1615) (1728,1729)
Entity 41: (1666,1668) (2397,2398)
Entity 42: (1748,1748) (1767,1767) (1797,1797) (1815,1815)
Entity 43: (1858,1860) (1997,1998) (2526,2527) (4022,4023)
Entity 44: (1961,1961) (2056,2056) (2062,2062)
Entity 45: (2072,2081) (2098,2101)
Entity 46: (2165,2165) (2180,2180) (2189,2189) (2215,2215) (2255,2255)
Entity 47: (2185,2185) (2198,2198) (2206,2206) (2224,2224) (2240,2240) (2258,2258) (2336,2336) (2356,2356) (2358,2358)
Entity 48: (2207,2209) (4130,4132)
Entity 49: (2278,2278) (2317,2317) (3571,3571)
Entity 50: (2282,2283) (4188,4189)
Entity 51: (2446,2446) (2460,2460) (2467,2467)
Entity 52: (2484,2484) (3390,3390) (3410,3411)
Entity 53: (2510,2511) (2517,2517)
Entity 54: (2529,2531) (2540,2540)
Entity 55: (2567,2568) (2571,2571) (2666,2667)
Entity 56: (2597,2606) (2653,2654) (2744,2745)
Entity 57: (2608,2616) (2627,2627)
Entity 58: (2643,2643) (2682,2682)
Entity 59: (2876,2876) (2880,2880)
Entity 60: (2942,2942) (2959,2959)
Entity 61: (3100,3100) (3104,3104) (3115,3115) (3122,3122) (3133,3133)
Entity 62: (3147,3147) (3166,3166) (3229,3229) (3249,3249) (3287,3287) (3299,3299)
Entity 63: (3157,3158) (3227,3228) (3324,3325)
Entity 64: (3185,3187) (3211,3213) (4511,4511) (5858,5858) (6211,6211) (7511,7511) (7527,7527) (7565,7565) (7943,7943) (8008,8008) (8133,8133)
Entity 65: (3203,3203) (3316,3316) (3321,3321) (3472,3472)
Entity 66: (3207,3213) (3224,3224)
Entity 67: (3259,3259) (3252,3281)
Entity 68: (3284,3286) (3406,3408)
Entity 69: (3331,3331) (3334,3334) (3476,3476)
Entity 70: (3357,3371) (3382,3383)
Entity 71: (3457,3458) (3462,3462)
Entity 72: (3469,3470) (3511,3512)
Entity 73: (3527,3528) (3532,3532)
Entity 74: (3550,3551) (5437,5438)
Entity 75: (3602,3602) (3631,3631)
Entity 76: (3641,3642) (3946,3947) (3949,3949) (3957,3957) (3969,3969) (3979,3979) (3988,3988) (4039,4039) (4049,4049) (4120,4120) (4191,4191) (4240,4240) (4323,4323) (4352,4352) (4367,4367) (4373,4373) (4382,4382) (4388,4388) (4394,4395) (4427,4427) (4500,4500) (4553,4553) (4725,4725) (4731,4731)
Entity 77: (3644,3644) (3804,3804) (3843,3843) (3846,3846)
Entity 78: (3650,3651) (3655,3655)
Entity 79: (3677,3677) (3686,3686)
Entity 80: (3693,3693) (3697,3697)
Entity 81: (3758,3758) (3770,3770) (3795,3795) (3815,3815) (3833,3833) (3848,3848) (3854,3854) (3871,3871)
Entity 82: (3793,3794) (4423,4425)
Entity 83: (3851,3852) (3860,3860)
Entity 84: (3919,3921) (3940,3940) (5016,5017) (5025,5026) (5377,5378) (5444,5445)
Entity 85: (3929,3930) (4491,4492)
Entity 86: (4045,4046) (4127,4128)
Entity 87: (4062,4068) (5469,5471)
Entity 88: (4074,4075) (4076,4076)
Entity 89: (4093,4093) (4136,4136) (4198,4198) (4254,4254) (4266,4266) (4274,4274)
Entity 90: (4144,4152) (5670,5671)
Entity 91: (4201,4203) (4213,4213)
Entity 92: (4206,4209) (4224,4224) (4229,4229) (4269,4270) (4282,4282)
Entity 93: (4305,4311) (4332,4332) (4338,4338)
Entity 94: (4377,4380) (4385,4385)
Entity 95: (4401,4406) (4416,4418)
Entity 96: (4441,4452) (4488,4489) (4494,4494)
Entity 97: (4444,4452) (4458,4458)
Entity 98: (4454,4454) (4485,4485) (4507,4507) (4520,4520)
Entity 99: (4551,4551) (4591,4591)
Entity 100: (4586,4586) (4593,4593) (4600,4600) (4615,4615) (4623,4623) (4628,4628)
Entity 101: (4704,4707) (4710,4710)
Entity 102: (4817,4817) (4821,4821)
Entity 103: (4844,4844) (4846,4846)
Entity 104: (4850,4852) (4856,4856)
Entity 105: (4894,4898) (4952,4953) (5695,5696) (5727,5727) (5909,5910) (5925,5925) (5929,5930) (6383,6384) (6514,6515) (7475,7476) (7498,7499) (7520,7521) (7609,7610) (7719,7720) (7807,7808)
Entity 106: (4897,4898) (5935,5936) (6233,6234) (7275,7276)
Entity 107: (4918,4921) (5891,5894) (6000,6003) (6013,6016) (6433,6436) (6444,6447) (6654,6656) (6908,6911) (7290,7293) (7536,7539)
Entity 108: (4949,4949) (4976,4976)
Entity 109: (5060,5060) (5071,5071)
Entity 110: (5092,5092) (5117,5118)
Entity 111: (5106,5110) (5407,5411)
Entity 112: (5122,5128) (5157,5157)
Entity 113: (5265,5267) (5271,5271)
Entity 114: (5413,5414) (5425,5425)
Entity 115: (5704,5705) (5734,5735)
Entity 116: (5763,5769) (5782,5782) (5798,5798)
Entity 117: (5855,5856) (6236,6237) (6519,6520) (6679,6680)
Entity 118: (5862,5866) (7495,7499)
Entity 119: (5865,5866) (7624,7625)
Entity 120: (5896,5896) (5900,5900) (5912,5912) (6024,6024) (6102,6102)
Entity 121: (5899,5901) (5903,5903)
Entity 122: (5939,5942) (5944,5944)
Entity 123: (6136,6137) (6150,6150) (6299,6300)
Entity 124: (6148,6148) (6155,6155) (6161,6161)
Entity 125: (6182,6187) (6607,6612)
Entity 126: (6257,6257) (6262,6262) (6315,6315) (6352,6352) (6512,6512) (6517,6517)
Entity 127: (6265,6265) (6278,6278) (6286,6286) (6292,6292)
Entity 128: (6333,6333) (6354,6354)
Entity 129: (6344,6349) (6356,6356)
Entity 130: (6411,6417) (6422,6422)
Entity 131: (6542,6543) (7978,7979)
Entity 132: (6621,6626) (6633,6634)
Entity 133: (6672,6673) (7183,7185) (7339,7340)
Entity 134: (6731,6732) (6922,6923) (7090,7091) (7148,7149)
Entity 135: (6771,6771) (6781,6781) (6833,6833) (6913,6913) (6932,6932) (6997,6997) (7082,7082) (7093,7093) (7249,7249)
Entity 136: (6785,6787) (6806,6806) (6808,6808) (6842,6844) (6851,6851)
Entity 137: (6979,6981) (7114,7115) (7908,7909)
Entity 138: (6991,6992) (6995,6996)
Entity 139: (7062,7063) (7067,7067)
Entity 140: (7097,7115) (7131,7132)
Entity 141: (7204,7208) (7214,7214)
Entity 142: (7267,7270) (7278,7281) (8027,8030)
Entity 143: (7272,7293) (7304,7306) (7342,7344) (7380,7382) (7420,7422)
Entity 144: (7296,7302) (7463,7464)
Entity 145: (7309,7312) (7328,7329) (7843,7844)
Entity 146: (7363,7366) (7374,7375)
Entity 147: (7431,7433) (7446,7446) (7550,7552) (7866,7868) (7877,7877)
Entity 148: (7460,7460) (7469,7469)
Entity 149: (7478,7483) (7491,7491)
Entity 150: (7598,7598) (7629,7629)
Entity 151: (7713,7720) (7734,7734)
Entity 152: (7829,7829) (7840,7840) (7859,7859) (7887,7887) (7912,7912) (7970,7970) (7982,7982) (8000,8000) (8065,8065)
Entity 153: (7995,7996) (8096,8097)
Entity 154: (8005,8006) (8051,8052) (8122,8123)
Entity 155: (8021,8022) (8117,8118) (8139,8139)
Entity 156: (8039,8040) (8043,8043) (8045,8045) (8074,8074) (8099,8099) (8143,8144)
Entity 157: (8063,8063) (8131,8131)
Entity 158: (8069,8071) (8080,8081)
Entity 159: (8186,8193) (8216,8217)
Entity 160: (8232,8233) (8249,8249)
Entity 161: (8256,8259) (8263,8263) (8283,8283)
Entity 162: (8309,8309) (8319,8319)
Entity 163: (8358,8358) (8356,8358) (8367,8367)
(english); part 000:
Repeated mention in the key: 6672, 6673 798799
Total key mentions: 870
Total response mentions: 638
Strictly correct identified mentions: 476
Partially correct identified mentions: 0
No identified: 394
Invented: 163
Recall: (312 / 691) 45.15%	Precision: (312 / 474) 65.82%	F1: 53.56%
--------------------------------------------------------------------------

====== TOTALS =======
Identification of Mentions: Recall: (476 / 870) 54.71%	Precision: (476 / 638) 74.6%	F1: 63.12%
--------------------------------------------------------------------------
Coreference: Recall: (312 / 691) 45.15%	Precision: (312 / 474) 65.82%	F1: 53.56%
--------------------------------------------------------------------------

METRIC bcub:
====> (english); part 000:
File (english); part 000:
Entity 0: (0,1) (1651,1652) (2472,2473) (2719,2720) (3139,3140) (3641,3642) (3946,3947) (4394,4395) (4926,4927) (5932,5933) (6438,6439) (6883,6884) (7246,7247) (7478,7479) (7491,7491) (7643,7643) (7807,7807) (7836,7836) (8039,8040) (8143,8144)
Entity 1: (3,3) (1656,1656) (2722,2722) (3142,3142) (4931,4931) (7481,7481) (7855,7855)
Entity 2: (5,5) (1658,1658) (2724,2724) (3144,3144) (4933,4933) (7483,7483) (7857,7857)
Entity 3: (11,24) (36,36)
Entity 4: (23,24) (203,204) (404,405) (1573,1574) (1597,1598)
Entity 5: (26,26) (42,42) (1318,1318) (1609,1609) (1746,1746) (2189,2189) (2215,2215) (3203,3203) (3316,3316) (3321,3321) (3472,3472) (3644,3644) (3804,3804) (3949,3949) (3957,3957) (3969,3969) (3979,3979) (4039,4039) (4049,4049) (4120,4120) (4191,4191) (4240,4240) (4323,4323) (4367,4367) (4373,4373) (4382,4382) (4388,4388) (4500,4500) (4553,4553) (4725,4725) (4731,4731) (4949,4949) (5896,5896) (5900,5900) (5912,5912) (6024,6024) (6102,6102) (6257,6257) (6262,6262) (6315,6315) (6512,6512) (6517,6517) (6675,6675) (6771,6771) (6781,6781) (6833,6833) (6913,6913) (6932,6932) (6997,6997) (7082,7082) (7093,7093) (7249,7249) (7485,7485) (7740,7740) (8043,8043) (8045,8045) (8074,8074) (8099,8099)
Entity 6: (53,54) (123,125) (139,139) (1041,1042) (4213,4213)
Entity 7: (66,68) (1964,1965) (3368,3370) (3708,3710) (3911,3912) (4106,4108) (4136,4138) (4410,4410) (4448,4449)
Entity 8: (84,86) (130,132) (254,256) (341,341) (427,429) (607,608) (626,627) (662,664) (845,847) (1511,1513) (1540,1542) (1588,1590) (1676,1677) (3276,3278) (3433,3435) (3742,3743) (3864,3866) (3874,3876) (4309,4311) (4639,4640) (4735,4737) (4747,4747) (4783,4784) (5774,5775) (5817,5818) (5964,5966) (6061,6062) (6175,6176) (6500,6501) (6797,6797) (6816,6817) (6880,6881)
Entity 9: (91,91) (112,112) (121,121) (252,252) (425,425) (440,440) (451,451) (470,471) (569,569) (759,759) (857,857) (962,962) (999,999)
Entity 10: (130,133) (173,174) (1707,1708) (1842,1843) (2056,2058) (3864,3867)
Entity 11: (135,135) (414,414) (481,481) (578,578) (875,875) (897,897) (2090,2090)
Entity 12: (150,154) (1662,1668) (4608,4612)
Entity 13: (153,154) (3252,3253) (3259,3259) (3881,3882) (4697,4698) (4710,4710) (4719,4721)
Entity 14: (157,158) (1189,1192)
Entity 15: (169,170) (390,391) (454,455) (484,485) (487,487) (491,491) (495,495) (617,618) (650,651) (729,730) (913,914) (1021,1022) (1149,1150) (1273,1274) (1385,1385) (1399,1399) (2260,2261) (2324,2325) (2334,2334) (2353,2353) (4056,4057) (4391,4392) (4515,4516) (4909,4910) (4944,4945) (5862,5863) (6005,6006) (6182,6183) (6393,6394) (6411,6412) (6607,6608) (6858,6859) (6886,6887) (7495,7496) (7508,7509) (7523,7524) (7560,7561) (7580,7581) (7662,7663) (7940,7941) (7956,7956)
Entity 16: (178,180) (182,183)
Entity 17: (221,222) (242,243) (317,318) (333,334) (721,723) (1212,1213)
Entity 18: (251,252) (762,765)
Entity 19: (330,334) (1197,1199)
Entity 20: (398,405) (592,599)
Entity 21: (458,460) (475,475)
Entity 22: (497,499) (541,544)
Entity 23: (555,555) (561,561) (1736,1736) (1786,1786) (1830,1830) (2124,2124)
Entity 24: (613,615) (735,737)
Entity 25: (623,629) (4172,4177) (4335,4340) (4350,4351)
Entity 26: (674,675) (698,700)
Entity 27: (683,683) (702,702)
Entity 28: (685,685) (704,704) (972,972)
Entity 29: (687,688) (706,707)
Entity 30: (715,719) (750,751)
Entity 31: (716,716) (4358,4358)
Entity 32: (718,718) (4360,4360)
Entity 33: (725,725) (1047,1047) (1293,1296) (1429,1431) (1463,1463) (1486,1486) (2616,2616)
Entity 34: (725,727) (1047,1049)
Entity 35: (740,743) (767,773) (840,847) (902,902) (1016,1019)
Entity 36: (745,746) (1231,1232) (4161,4163) (4774,4775) (5432,5433) (6957,6958) (6979,6981) (7114,7115) (7786,7786) (7909,7909)
Entity 37: (863,865) (1921,1923)
Entity 38: (949,953) (956,956)
Entity 39: (974,974) (2432,2432)
Entity 40: (976,976) (2508,2508)
Entity 41: (1001,1001) (1013,1013)
Entity 42: (1084,1087) (1090,1090) (1112,1112)
Entity 43: (1134,1136) (1159,1161) (1912,1914) (2269,2271) (2295,2297) (3153,3153) (3486,3487) (3490,3491) (4070,4070) (4076,4076) (4147,4149) (4305,4307)
Entity 44: (1201,1203) (1231,1233) (3361,3362) (3914,3914) (4412,4412) (4451,4452) (4767,4767)
Entity 45: (1281,1286) (4206,4209) (4224,4224) (4229,4229) (4269,4270) (4282,4282)
Entity 46: (1331,1334) (1379,1382)
Entity 47: (1334,1334) (1382,1382) (1475,1475) (1515,1515) (1531,1531) (1551,1551) (1601,1601) (3841,3841)
Entity 48: (1374,1376) (1402,1403) (1638,1640)
Entity 49: (1389,1389) (1748,1748) (1767,1767) (1797,1797) (1815,1815) (1890,1890) (1907,1907) (1961,1961) (2056,2056) (2132,2132) (2185,2185) (2198,2198) (2224,2224) (2240,2240) (2243,2243) (2358,2358) (2425,2425) (2436,2436) (2753,2753) (2892,2892) (2915,2915) (2924,2924) (2942,2942) (2959,2959) (3051,3051) (3056,3056) (3100,3100) (3104,3104) (3115,3115) (3122,3122) (3133,3133) (3147,3147) (3166,3166) (3229,3229) (3249,3249) (3287,3287) (3299,3299) (3331,3331) (3334,3334) (3377,3377) (3444,3444) (3476,3476) (3504,3504) (3602,3602) (3610,3610) (3631,3631) (3677,3677) (3686,3686) (3733,3733) (3753,3753) (3758,3758) (3770,3770) (3795,3795) (3815,3815) (3833,3833) (3848,3848) (3871,3871) (3885,3885) (3933,3933) (3988,3988) (4093,4093) (4198,4198) (4249,4249) (4254,4254) (4266,4266) (4274,4274) (4332,4332) (4454,4454) (4473,4473) (4485,4485) (4507,4507) (4520,4520) (4742,4742) (4788,4788) (4817,4817) (4821,4821) (4827,4827) (4864,4864) (4882,4882) (5787,5787) (5977,5977) (5996,5996) (6068,6068) (6209,6209) (6214,6214) (6590,6590) (6647,6647) (7198,7198) (7300,7300) (7460,7460) (7469,7469) (7598,7598) (7629,7629) (7829,7829) (7840,7840) (7859,7859) (7887,7887) (7912,7912) (7970,7970) (7982,7982) (8000,8000) (8065,8065) (8164,8164)
Entity 50: (1407,1417) (1443,1444)
Entity 51: (1458,1463) (1465,1466) (1471,1471)
Entity 52: (1544,1549) (1565,1566)
Entity 53: (1553,1557) (1578,1579)
Entity 54: (1614,1617) (1627,1631)
Entity 55: (1654,1654) (1760,1760) (1765,1765) (1769,1769) (1959,1959) (1975,1975) (2161,2161) (2165,2165) (2180,2180) (2255,2255) (3650,3651) (3655,3655) (3843,3843) (3846,3846) (4929,4929)
Entity 56: (1722,1724) (1727,1727)
Entity 57: (1968,1971) (1978,1978)
Entity 58: (2017,2021) (2023,2023)
Entity 59: (2072,2081) (2098,2101)
Entity 60: (2113,2113) (4551,4551) (4591,4591) (4593,4593) (4600,4600) (4615,4615) (4623,4623) (4628,4628)
Entity 61: (2135,2137) (2141,2141)
Entity 62: (2157,2157) (3078,3078) (3755,3755) (3777,3777)
Entity 63: (2207,2209) (4130,4132)
Entity 64: (2230,2234) (4762,4765)
Entity 65: (2277,2279) (2317,2318)
Entity 66: (2278,2278) (2317,2317) (2365,2366) (3571,3571) (4289,4292)
Entity 67: (2282,2283) (3975,3976) (3978,3978)
Entity 68: (2289,2289) (2299,2299)
Entity 69: (2475,2480) (2656,2658)
Entity 70: (2484,2484) (3390,3390) (3410,3411)
Entity 71: (2514,2514) (2517,2517) (2675,2676)
Entity 72: (2526,2527) (4022,4023)
Entity 73: (2536,2538) (2540,2540)
Entity 74: (2552,2559) (2567,2568)
Entity 75: (2561,2562) (2571,2571) (2608,2609) (2627,2627)
Entity 76: (2573,2577) (2589,2590)
Entity 77: (2579,2580) (2582,2582)
Entity 78: (2621,2623) (2647,2648)
Entity 79: (2668,2669) (2713,2714)
Entity 80: (2684,2689) (2694,2694)
Entity 81: (2757,2757) (2763,2763)
Entity 82: (3028,3029) (3031,3031)
Entity 83: (3058,3060) (3074,3074)
Entity 84: (3124,3128) (3130,3131)
Entity 85: (3149,3154) (3483,3488)
Entity 86: (3152,3154) (3485,3488) (4104,4104)
Entity 87: (3155,3155) (3157,3158) (3227,3228) (3324,3325)
Entity 88: (3185,3187) (3211,3213) (3224,3224) (4511,4511) (5858,5858) (6211,6211) (6406,6406) (7511,7511) (7527,7527) (7565,7565) (7943,7943) (8008,8008) (8133,8133)
Entity 89: (3248,3248) (3348,3348) (4542,4542) (4823,4823) (4868,4868)
Entity 90: (3284,3286) (3406,3408)
Entity 91: (3357,3370) (3382,3383) (3457,3459) (3462,3462)
Entity 92: (3433,3442) (3450,3451)
Entity 93: (3469,3470) (3511,3512)
Entity 94: (3527,3528) (3532,3532)
Entity 95: (3567,3572) (3587,3588)
Entity 96: (3653,3657) (3671,3671)
Entity 97: (3690,3693) (3697,3697)
Entity 98: (3703,3704) (3725,3726)
Entity 99: (3783,3785) (5487,5489) (6185,6187) (6200,6201) (6206,6206) (6467,6468) (6526,6527) (6610,6612) (6637,6638) (6699,6700) (6708,6708) (6964,6965) (7050,7051) (7078,7079) (7576,7577) (7659,7660) (7793,7795) (7920,7922)
Entity 100: (3800,3801) (3806,3806)
Entity 101: (3851,3852) (3860,3860)
Entity 102: (3916,3916) (3919,3921) (4414,4414) (4466,4467) (4496,4498)
Entity 103: (3926,3930) (3936,3936) (3940,3940) (4441,4445) (4488,4492) (4494,4494)
Entity 104: (3929,3930) (4444,4445) (4458,4458) (4491,4492)
Entity 105: (3966,3967) (4378,4379)
Entity 106: (3993,3993) (4007,4013) (4018,4019)
Entity 107: (4045,4046) (4048,4048) (4127,4128)
Entity 108: (4062,4068) (4095,4095) (4144,4152)
Entity 109: (4066,4068) (4087,4089)
Entity 110: (4182,4183) (4186,4186)
Entity 111: (4206,4217) (4219,4219)
Entity 112: (4298,4299) (4317,4319)
Entity 113: (4398,4400) (4513,4514)
Entity 114: (4401,4406) (4416,4418)
Entity 115: (4562,4567) (4574,4574)
Entity 116: (4628,4630) (4632,4632)
Entity 117: (4795,4800) (4802,4803)
Entity 118: (4842,4844) (4846,4846)
Entity 119: (4850,4852) (4856,4856)
Entity 120: (4885,4889) (4944,4947) (5469,5471) (7591,7593)
Entity 121: (4894,4895) (4952,4953) (5695,5696) (5727,5727) (5909,5910) (5929,5930) (5939,5942) (6383,6384) (6388,6391) (6514,6515) (7097,7098) (7100,7100) (7131,7132) (7475,7476) (7498,7499) (7520,7521) (7719,7720) (7807,7808)
Entity 122: (4897,4898) (5935,5936) (6233,6234) (7275,7276)
Entity 123: (4903,4906) (5921,5923) (6249,6251) (6406,6409) (7267,7270) (7278,7281) (8027,8030)
Entity 124: (4909,4925) (6398,6401)
Entity 125: (4940,4947) (5466,5471) (5670,5671)
Entity 126: (4967,4969) (5037,5039) (5891,5894) (6000,6003) (6013,6016) (6433,6436) (6444,6447) (6574,6577) (6654,6656) (6731,6732) (6908,6911) (6922,6923) (7013,7014) (7090,7091) (7148,7149) (7290,7293) (7537,7539) (8204,8208)
Entity 127: (4979,4979) (4994,4994) (5060,5060) (5071,5071) (5117,5118) (5308,5309) (5592,5593) (6621,6626) (6633,6634) (7312,7312) (7314,7314)
Entity 128: (5016,5017) (5025,5026) (5187,5188) (5247,5248) (5377,5378) (5444,5445)
Entity 129: (5209,5220) (5227,5227)
Entity 130: (5265,5267) (5271,5271) (7369,7370) (7374,7375)
Entity 131: (5432,5434) (7441,7443)
Entity 132: (5526,5528) (5530,5530)
Entity 133: (5704,5705) (5734,5735)
Entity 134: (5737,5738) (5751,5752)
Entity 135: (5769,5775) (5782,5782) (5798,5798)
Entity 136: (5855,5856) (6236,6237) (6519,6520) (6679,6680)
Entity 137: (5865,5866) (6030,6031) (6414,6415) (6417,6417) (6422,6422)
Entity 138: (5873,5877) (5882,5882)
Entity 139: (5900,5901) (5903,5903)
Entity 140: (5917,5923) (5925,5925)
Entity 141: (6136,6137) (6150,6150)
Entity 142: (6239,6239) (6265,6265) (6278,6278)
Entity 143: (6283,6283) (6286,6286) (6292,6292)
Entity 144: (6299,6300) (6659,6659) (6878,6878) (8356,8357) (8367,8367)
Entity 145: (6320,6323) (7204,7208) (7214,7214)
Entity 146: (6327,6331) (6333,6333) (6354,6354)
Entity 147: (6340,6342) (7204,7205)
Entity 148: (6450,6454) (6456,6456)
Entity 149: (6488,6489) (6508,6508)
Entity 150: (6542,6543) (7978,7979)
Entity 151: (6604,6605) (6640,6641)
Entity 152: (6672,6673) (6672,6673) (7183,7185) (7339,7340) (7431,7433) (7446,7446) (7550,7552) (7754,7756) (7866,7868) (7877,7877)
Entity 153: (6785,6787) (6806,6806) (6808,6808) (6842,6844) (6851,6851) (6869,6869)
Entity 154: (6886,6891) (6894,6894)
Entity 155: (6919,6923) (6941,6941)
Entity 156: (7027,7034) (7041,7042)
Entity 157: (7062,7063) (7067,7067)
Entity 158: (7179,7193) (7195,7195)
Entity 159: (7220,7226) (7228,7228)
Entity 160: (7296,7298) (7463,7464)
Entity 161: (7385,7391) (7393,7393)
Entity 162: (7546,7552) (7554,7554)
Entity 163: (7567,7572) (7586,7586) (7634,7634)
Entity 164: (7690,7695) (7697,7697)
Entity 165: (7713,7716) (7734,7734)
Entity 166: (7759,7762) (7764,7764)
Entity 167: (7818,7827) (7831,7832) (7843,7844)
Entity 168: (7946,7953) (7962,7962)
Entity 169: (8021,8022) (8117,8118)
Entity 170: (8051,8063) (8136,8137)
Entity 171: (8051,8052) (8122,8123)
Entity 172: (8059,8063) (8127,8131)
Entity 173: (8069,8071) (8080,8081)
Entity 174: (8146,8146) (8156,8156)
Entity 175: (8168,8173) (8174,8174)
Entity 176: (8186,8193) (8216,8217) (8232,8233)
Entity 177: (8241,8246) (8249,8249)
Entity 178: (8251,8254) (8258,8259) (8263,8263) (8283,8283)
Entity 179: (8304,8304) (8319,8320)
====> (english); part 000:
File (english); part 000:
Entity 0: (3,3) (36,36)
Entity 1: (19,24) (53,54) (123,125) (139,139)
Entity 2: (26,26) (42,42)
Entity 3: (84,86) (130,132) (169,170) (186,186) (254,256) (390,391) (428,429) (454,455) (484,485) (487,487) (491,491) (495,495) (607,608) (617,618) (626,627) (650,651) (662,664) (729,730) (752,752) (812,814) (845,847) (913,914) (936,936) (1021,1022) (1051,1051) (1149,1150) (1273,1274) (1511,1513) (1541,1542) (1540,1542) (1588,1590) (1676,1677) (2260,2261) (2324,2325) (2334,2334) (2353,2353) (3276,3278) (3433,3435) (3742,3743) (3864,3866) (3874,3876) (3874,3886) (4007,4009) (4056,4057) (4309,4311) (4391,4392) (4515,4516) (4638,4640) (4735,4737) (4747,4747) (4783,4784) (4944,4945) (5774,5775) (5817,5818) (5862,5863) (5964,5966) (6005,6006) (6061,6062) (6175,6176) (6182,6183) (6393,6394) (6411,6412) (6500,6501) (6566,6566) (6607,6608) (6624,6624) (6797,6797) (6816,6817) (6858,6859) (6869,6869) (6880,6881) (6887,6887) (6894,6894) (7456,7456) (7508,7509) (7523,7524) (7560,7561) (7580,7581) (7593,7593) (7662,7663) (7940,7941) (7956,7956) (7962,7962)
Entity 4: (91,91) (112,112)
Entity 5: (173,173) (1707,1707) (1842,1842) (3248,3248) (3348,3348) (4542,4542) (4823,4823) (4868,4868)
Entity 6: (173,174) (1707,1708)
Entity 7: (221,222) (242,243) (333,334) (1212,1213)
Entity 8: (251,252) (765,765) (1257,1258)
Entity 9: (290,291) (358,359) (921,922)
Entity 10: (317,318) (366,367)
Entity 11: (330,334) (1041,1042)
Entity 12: (414,414) (481,481) (532,532) (578,578)
Entity 13: (425,425) (440,440) (505,505) (569,569)
Entity 14: (458,460) (475,475)
Entity 15: (662,666) (863,865) (920,924) (1201,1203) (1231,1233) (1247,1247) (1596,1598) (1921,1923) (1963,1965) (3368,3370) (3708,3710) (4066,4068) (4070,4070) (4136,4138)
Entity 16: (683,683) (702,702)
Entity 17: (685,685) (704,704) (972,972)
Entity 18: (685,688) (704,707) (711,712)
Entity 19: (687,688) (706,707)
Entity 20: (759,759) (962,962)
Entity 21: (931,932) (952,953)
Entity 22: (949,953) (956,956)
Entity 23: (974,974) (2432,2432)
Entity 24: (976,976) (2508,2508)
Entity 25: (985,987) (1134,1136) (1159,1161) (1912,1914) (2269,2271) (2295,2297) (3782,3785) (4147,4149) (4305,4307) (5487,5489) (6185,6187) (6200,6201) (6206,6206) (6214,6214) (6315,6317) (6467,6468) (6525,6527) (6610,6612) (6637,6638) (6699,6700) (6708,6708) (6963,6965) (7050,7051) (7576,7577) (7659,7660) (7793,7795) (7920,7922)
Entity 26: (1047,1047) (1462,1463) (1485,1486) (2615,2616)
Entity 27: (1084,1087) (1090,1090)
Entity 28: (1084,1092) (1112,1112)
Entity 29: (1170,1170) (1269,1269) (1318,1318) (1339,1339)
Entity 30: (1206,1213) (1578,1579)
Entity 31: (1293,1296) (1428,1431)
Entity 32: (1334,1334) (1382,1382) (1475,1475) (1515,1515) (1531,1531) (1551,1551) (1601,1601)
Entity 33: (1374,1376) (1402,1403) (1638,1640)
Entity 34: (1385,1385) (1399,1399)
Entity 35: (1410,1417) (1443,1444)
Entity 36: (1415,1417) (1990,1990)
Entity 37: (1454,1456) (1493,1495)
Entity 38: (1458,1467) (1471,1471)
Entity 39: (1609,1609) (1694,1694) (1746,1746)
Entity 40: (1614,1615) (1728,1729)
Entity 41: (1666,1668) (2397,2398)
Entity 42: (1748,1748) (1767,1767) (1797,1797) (1815,1815)
Entity 43: (1858,1860) (1997,1998) (2526,2527) (4022,4023)
Entity 44: (1961,1961) (2056,2056) (2062,2062)
Entity 45: (2072,2081) (2098,2101)
Entity 46: (2165,2165) (2180,2180) (2189,2189) (2215,2215) (2255,2255)
Entity 47: (2185,2185) (2198,2198) (2206,2206) (2224,2224) (2240,2240) (2258,2258) (2336,2336) (2356,2356) (2358,2358)
Entity 48: (2207,2209) (4130,4132)
Entity 49: (2278,2278) (2317,2317) (3571,3571)
Entity 50: (2282,2283) (4188,4189)
Entity 51: (2446,2446) (2460,2460) (2467,2467)
Entity 52: (2484,2484) (3390,3390) (3410,3411)
Entity 53: (2510,2511) (2517,2517)
Entity 54: (2529,2531) (2540,2540)
Entity 55: (2567,2568) (2571,2571) (2666,2667)
Entity 56: (2597,2606) (2653,2654) (2744,2745)
Entity 57: (2608,2616) (2627,2627)
Entity 58: (2643,2643) (2682,2682)
Entity 59: (2876,2876) (2880,2880)
Entity 60: (2942,2942) (2959,2959)
Entity 61: (3100,3100) (3104,3104) (3115,3115) (3122,3122) (3133,3133)
Entity 62: (3147,3147) (3166,3166) (3229,3229) (3249,3249) (3287,3287) (3299,3299)
Entity 63: (3157,3158) (3227,3228) (3324,3325)
Entity 64: (3185,3187) (3211,3213) (4511,4511) (5858,5858) (6211,6211) (7511,7511) (7527,7527) (7565,7565) (7943,7943) (8008,8008) (8133,8133)
Entity 65: (3203,3203) (3316,3316) (3321,3321) (3472,3472)
Entity 66: (3207,3213) (3224,3224)
Entity 67: (3259,3259) (3252,3281)
Entity 68: (3284,3286) (3406,3408)
Entity 69: (3331,3331) (3334,3334) (3476,3476)
Entity 70: (3357,3371) (3382,3383)
Entity 71: (3457,3458) (3462,3462)
Entity 72: (3469,3470) (3511,3512)
Entity 73: (3527,3528) (3532,3532)
Entity 74: (3550,3551) (5437,5438)
Entity 75: (3602,3602) (3631,3631)
Entity 76: (3641,3642) (3946,3947) (3949,3949) (3957,3957) (3969,3969) (3979,3979) (3988,3988) (4039,4039) (4049,4049) (4120,4120) (4191,4191) (4240,4240) (4323,4323) (4352,4352) (4367,4367) (4373,4373) (4382,4382) (4388,4388) (4394,4395) (4427,4427) (4500,4500) (4553,4553) (4725,4725) (4731,4731)
Entity 77: (3644,3644) (3804,3804) (3843,3843) (3846,3846)
Entity 78: (3650,3651) (3655,3655)
Entity 79: (3677,3677) (3686,3686)
Entity 80: (3693,3693) (3697,3697)
Entity 81: (3758,3758) (3770,3770) (3795,3795) (3815,3815) (3833,3833) (3848,3848) (3854,3854) (3871,3871)
Entity 82: (3793,3794) (4423,4425)
Entity 83: (3851,3852) (3860,3860)
Entity 84: (3919,3921) (3940,3940) (5016,5017) (5025,5026) (5377,5378) (5444,5445)
Entity 85: (3929,3930) (4491,4492)
Entity 86: (4045,4046) (4127,4128)
Entity 87: (4062,4068) (5469,5471)
Entity 88: (4074,4075) (4076,4076)
Entity 89: (4093,4093) (4136,4136) (4198,4198) (4254,4254) (4266,4266) (4274,4274)
Entity 90: (4144,4152) (5670,5671)
Entity 91: (4201,4203) (4213,4213)
Entity 92: (4206,4209) (4224,4224) (4229,4229) (4269,4270) (4282,4282)
Entity 93: (4305,4311) (4332,4332) (4338,4338)
Entity 94: (4377,4380) (4385,4385)
Entity 95: (4401,4406) (4416,4418)
Entity 96: (4441,4452) (4488,4489) (4494,4494)
Entity 97: (4444,4452) (4458,4458)
Entity 98: (4454,4454) (4485,4485) (4507,4507) (4520,4520)
Entity 99: (4551,4551) (4591,4591)
Entity 100: (4586,4586) (4593,4593) (4600,4600) (4615,4615) (4623,4623) (4628,4628)
Entity 101: (4704,4707) (4710,4710)
Entity 102: (4817,4817) (4821,4821)
Entity 103: (4844,4844) (4846,4846)
Entity 104: (4850,4852) (4856,4856)
Entity 105: (4894,4898) (4952,4953) (5695,5696) (5727,5727) (5909,5910) (5925,5925) (5929,5930) (6383,6384) (6514,6515) (7475,7476) (7498,7499) (7520,7521) (7609,7610) (7719,7720) (7807,7808)
Entity 106: (4897,4898) (5935,5936) (6233,6234) (7275,7276)
Entity 107: (4918,4921) (5891,5894) (6000,6003) (6013,6016) (6433,6436) (6444,6447) (6654,6656) (6908,6911) (7290,7293) (7536,7539)
Entity 108: (4949,4949) (4976,4976)
Entity 109: (5060,5060) (5071,5071)
Entity 110: (5092,5092) (5117,5118)
Entity 111: (5106,5110) (5407,5411)
Entity 112: (5122,5128) (5157,5157)
Entity 113: (5265,5267) (5271,5271)
Entity 114: (5413,5414) (5425,5425)
Entity 115: (5704,5705) (5734,5735)
Entity 116: (5763,5769) (5782,5782) (5798,5798)
Entity 117: (5855,5856) (6236,6237) (6519,6520) (6679,6680)
Entity 118: (5862,5866) (7495,7499)
Entity 119: (5865,5866) (7624,7625)
Entity 120: (5896,5896) (5900,5900) (5912,5912) (6024,6024) (6102,6102)
Entity 121: (5899,5901) (5903,5903)
Entity 122: (5939,5942) (5944,5944)
Entity 123: (6136,6137) (6150,6150) (6299,6300)
Entity 124: (6148,6148) (6155,6155) (6161,6161)
Entity 125: (6182,6187) (6607,6612)
Entity 126: (6257,6257) (6262,6262) (6315,6315) (6352,6352) (6512,6512) (6517,6517)
Entity 127: (6265,6265) (6278,6278) (6286,6286) (6292,6292)
Entity 128: (6333,6333) (6354,6354)
Entity 129: (6344,6349) (6356,6356)
Entity 130: (6411,6417) (6422,6422)
Entity 131: (6542,6543) (7978,7979)
Entity 132: (6621,6626) (6633,6634)
Entity 133: (6672,6673) (7183,7185) (7339,7340)
Entity 134: (6731,6732) (6922,6923) (7090,7091) (7148,7149)
Entity 135: (6771,6771) (6781,6781) (6833,6833) (6913,6913) (6932,6932) (6997,6997) (7082,7082) (7093,7093) (7249,7249)
Entity 136: (6785,6787) (6806,6806) (6808,6808) (6842,6844) (6851,6851)
Entity 137: (6979,6981) (7114,7115) (7908,7909)
Entity 138: (6991,6992) (6995,6996)
Entity 139: (7062,7063) (7067,7067)
Entity 140: (7097,7115) (7131,7132)
Entity 141: (7204,7208) (7214,7214)
Entity 142: (7267,7270) (7278,7281) (8027,8030)
Entity 143: (7272,7293) (7304,7306) (7342,7344) (7380,7382) (7420,7422)
Entity 144: (7296,7302) (7463,7464)
Entity 145: (7309,7312) (7328,7329) (7843,7844)
Entity 146: (7363,7366) (7374,7375)
Entity 147: (7431,7433) (7446,7446) (7550,7552) (7866,7868) (7877,7877)
Entity 148: (7460,7460) (7469,7469)
Entity 149: (7478,7483) (7491,7491)
Entity 150: (7598,7598) (7629,7629)
Entity 151: (7713,7720) (7734,7734)
Entity 152: (7829,7829) (7840,7840) (7859,7859) (7887,7887) (7912,7912) (7970,7970) (7982,7982) (8000,8000) (8065,8065)
Entity 153: (7995,7996) (8096,8097)
Entity 154: (8005,8006) (8051,8052) (8122,8123)
Entity 155: (8021,8022) (8117,8118) (8139,8139)
Entity 156: (8039,8040) (8043,8043) (8045,8045) (8074,8074) (8099,8099) (8143,8144)
Entity 157: (8063,8063) (8131,8131)
Entity 158: (8069,8071) (8080,8081)
Entity 159: (8186,8193) (8216,8217)
Entity 160: (8232,8233) (8249,8249)
Entity 161: (8256,8259) (8263,8263) (8283,8283)
Entity 162: (8309,8309) (8319,8319)
Entity 163: (8358,8358) (8356,8358) (8367,8367)
(english); part 000:
Repeated mention in the key: 6672, 6673 798799
Total key mentions: 870
Total response mentions: 638
Strictly correct identified mentions: 476
Partially correct identified mentions: 0
No identified: 394
Invented: 163
Recall: (246.346375388428 / 871) 28.28%	Precision: (344.779164276153 / 638) 54.04%	F1: 37.13%
--------------------------------------------------------------------------

====== TOTALS =======
Identification of Mentions: Recall: (476 / 870) 54.71%	Precision: (476 / 638) 74.6%	F1: 63.12%
--------------------------------------------------------------------------
Coreference: Recall: (246.346375388428 / 871) 28.28%	Precision: (344.779164276153 / 638) 54.04%	F1: 37.13%
--------------------------------------------------------------------------

METRIC ceafe:
====> (english); part 000:
File (english); part 000:
Entity 0: (0,1) (1651,1652) (2472,2473) (2719,2720) (3139,3140) (3641,3642) (3946,3947) (4394,4395) (4926,4927) (5932,5933) (6438,6439) (6883,6884) (7246,7247) (7478,7479) (7491,7491) (7643,7643) (7807,7807) (7836,7836) (8039,8040) (8143,8144)
Entity 1: (3,3) (1656,1656) (2722,2722) (3142,3142) (4931,4931) (7481,7481) (7855,7855)
Entity 2: (5,5) (1658,1658) (2724,2724) (3144,3144) (4933,4933) (7483,7483) (7857,7857)
Entity 3: (11,24) (36,36)
Entity 4: (23,24) (203,204) (404,405) (1573,1574) (1597,1598)
Entity 5: (26,26) (42,42) (1318,1318) (1609,1609) (1746,1746) (2189,2189) (2215,2215) (3203,3203) (3316,3316) (3321,3321) (3472,3472) (3644,3644) (3804,3804) (3949,3949) (3957,3957) (3969,3969) (3979,3979) (4039,4039) (4049,4049) (4120,4120) (4191,4191) (4240,4240) (4323,4323) (4367,4367) (4373,4373) (4382,4382) (4388,4388) (4500,4500) (4553,4553) (4725,4725) (4731,4731) (4949,4949) (5896,5896) (5900,5900) (5912,5912) (6024,6024) (6102,6102) (6257,6257) (6262,6262) (6315,6315) (6512,6512) (6517,6517) (6675,6675) (6771,6771) (6781,6781) (6833,6833) (6913,6913) (6932,6932) (6997,6997) (7082,7082) (7093,7093) (7249,7249) (7485,7485) (7740,7740) (8043,8043) (8045,8045) (8074,8074) (8099,8099)
Entity 6: (53,54) (123,125) (139,139) (1041,1042) (4213,4213)
Entity 7: (66,68) (1964,1965) (3368,3370) (3708,3710) (3911,3912) (4106,4108) (4136,4138) (4410,4410) (4448,4449)
Entity 8: (84,86) (130,132) (254,256) (341,341) (427,429) (607,608) (626,627) (662,664) (845,847) (1511,1513) (1540,1542) (1588,1590) (1676,1677) (3276,3278) (3433,3435) (3742,3743) (3864,3866) (3874,3876) (4309,4311) (4639,4640) (4735,4737) (4747,4747) (4783,4784) (5774,5775) (5817,5818) (5964,5966) (6061,6062) (6175,6176) (6500,6501) (6797,6797) (6816,6817) (6880,6881)
Entity 9: (91,91) (112,112) (121,121) (252,252) (425,425) (440,440) (451,451) (470,471) (569,569) (759,759) (857,857) (962,962) (999,999)
Entity 10: (130,133) (173,174) (1707,1708) (1842,1843) (2056,2058) (3864,3867)
Entity 11: (135,135) (414,414) (481,481) (578,578) (875,875) (897,897) (2090,2090)
Entity 12: (150,154) (1662,1668) (4608,4612)
Entity 13: (153,154) (3252,3253) (3259,3259) (3881,3882) (4697,4698) (4710,4710) (4719,4721)
Entity 14: (157,158) (1189,1192)
Entity 15: (169,170) (390,391) (454,455) (484,485) (487,487) (491,491) (495,495) (617,618) (650,651) (729,730) (913,914) (1021,1022) (1149,1150) (1273,1274) (1385,1385) (1399,1399) (2260,2261) (2324,2325) (2334,2334) (2353,2353) (4056,4057) (4391,4392) (4515,4516) (4909,4910) (4944,4945) (5862,5863) (6005,6006) (6182,6183) (6393,6394) (6411,6412) (6607,6608) (6858,6859) (6886,6887) (7495,7496) (7508,7509) (7523,7524) (7560,7561) (7580,7581) (7662,7663) (7940,7941) (7956,7956)
Entity 16: (178,180) (182,183)
Entity 17: (221,222) (242,243) (317,318) (333,334) (721,723) (1212,1213)
Entity 18: (251,252) (762,765)
Entity 19: (330,334) (1197,1199)
Entity 20: (398,405) (592,599)
Entity 21: (458,460) (475,475)
Entity 22: (497,499) (541,544)
Entity 23: (555,555) (561,561) (1736,1736) (1786,1786) (1830,1830) (2124,2124)
Entity 24: (613,615) (735,737)
Entity 25: (623,629) (4172,4177) (4335,4340) (4350,4351)
Entity 26: (674,675) (698,700)
Entity 27: (683,683) (702,702)
Entity 28: (685,685) (704,704) (972,972)
Entity 29: (687,688) (706,707)
Entity 30: (715,719) (750,751)
Entity 31: (716,716) (4358,4358)
Entity 32: (718,718) (4360,4360)
Entity 33: (725,725) (1047,1047) (1293,1296) (1429,1431) (1463,1463) (1486,1486) (2616,2616)
Entity 34: (725,727) (1047,1049)
Entity 35: (740,743) (767,773) (840,847) (902,902) (1016,1019)
Entity 36: (745,746) (1231,1232) (4161,4163) (4774,4775) (5432,5433) (6957,6958) (6979,6981) (7114,7115) (7786,7786) (7909,7909)
Entity 37: (863,865) (1921,1923)
Entity 38: (949,953) (956,956)
Entity 39: (974,974) (2432,2432)
Entity 40: (976,976) (2508,2508)
Entity 41: (1001,1001) (1013,1013)
Entity 42: (1084,1087) (1090,1090) (1112,1112)
Entity 43: (1134,1136) (1159,1161) (1912,1914) (2269,2271) (2295,2297) (3153,3153) (3486,3487) (3490,3491) (4070,4070) (4076,4076) (4147,4149) (4305,4307)
Entity 44: (1201,1203) (1231,1233) (3361,3362) (3914,3914) (4412,4412) (4451,4452) (4767,4767)
Entity 45: (1281,1286) (4206,4209) (4224,4224) (4229,4229) (4269,4270) (4282,4282)
Entity 46: (1331,1334) (1379,1382)
Entity 47: (1334,1334) (1382,1382) (1475,1475) (1515,1515) (1531,1531) (1551,1551) (1601,1601) (3841,3841)
Entity 48: (1374,1376) (1402,1403) (1638,1640)
Entity 49: (1389,1389) (1748,1748) (1767,1767) (1797,1797) (1815,1815) (1890,1890) (1907,1907) (1961,1961) (2056,2056) (2132,2132) (2185,2185) (2198,2198) (2224,2224) (2240,2240) (2243,2243) (2358,2358) (2425,2425) (2436,2436) (2753,2753) (2892,2892) (2915,2915) (2924,2924) (2942,2942) (2959,2959) (3051,3051) (3056,3056) (3100,3100) (3104,3104) (3115,3115) (3122,3122) (3133,3133) (3147,3147) (3166,3166) (3229,3229) (3249,3249) (3287,3287) (3299,3299) (3331,3331) (3334,3334) (3377,3377) (3444,3444) (3476,3476) (3504,3504) (3602,3602) (3610,3610) (3631,3631) (3677,3677) (3686,3686) (3733,3733) (3753,3753) (3758,3758) (3770,3770) (3795,3795) (3815,3815) (3833,3833) (3848,3848) (3871,3871) (3885,3885) (3933,3933) (3988,3988) (4093,4093) (4198,4198) (4249,4249) (4254,4254) (4266,4266) (4274,4274) (4332,4332) (4454,4454) (4473,4473) (4485,4485) (4507,4507) (4520,4520) (4742,4742) (4788,4788) (4817,4817) (4821,4821) (4827,4827) (4864,4864) (4882,4882) (5787,5787) (5977,5977) (5996,5996) (6068,6068) (6209,6209) (6214,6214) (6590,6590) (6647,6647) (7198,7198) (7300,7300) (7460,7460) (7469,7469) (7598,7598) (7629,7629) (7829,7829) (7840,7840) (7859,7859) (7887,7887) (7912,7912) (7970,7970) (7982,7982) (8000,8000) (8065,8065) (8164,8164)
Entity 50: (1407,1417) (1443,1444)
Entity 51: (1458,1463) (1465,1466) (1471,1471)
Entity 52: (1544,1549) (1565,1566)
Entity 53: (1553,1557) (1578,1579)
Entity 54: (1614,1617) (1627,1631)
Entity 55: (1654,1654) (1760,1760) (1765,1765) (1769,1769) (1959,1959) (1975,1975) (2161,2161) (2165,2165) (2180,2180) (2255,2255) (3650,3651) (3655,3655) (3843,3843) (3846,3846) (4929,4929)
Entity 56: (1722,1724) (1727,1727)
Entity 57: (1968,1971) (1978,1978)
Entity 58: (2017,2021) (2023,2023)
Entity 59: (2072,2081) (2098,2101)
Entity 60: (2113,2113) (4551,4551) (4591,4591) (4593,4593) (4600,4600) (4615,4615) (4623,4623) (4628,4628)
Entity 61: (2135,2137) (2141,2141)
Entity 62: (2157,2157) (3078,3078) (3755,3755) (3777,3777)
Entity 63: (2207,2209) (4130,4132)
Entity 64: (2230,2234) (4762,4765)
Entity 65: (2277,2279) (2317,2318)
Entity 66: (2278,2278) (2317,2317) (2365,2366) (3571,3571) (4289,4292)
Entity 67: (2282,2283) (3975,3976) (3978,3978)
Entity 68: (2289,2289) (2299,2299)
Entity 69: (2475,2480) (2656,2658)
Entity 70: (2484,2484) (3390,3390) (3410,3411)
Entity 71: (2514,2514) (2517,2517) (2675,2676)
Entity 72: (2526,2527) (4022,4023)
Entity 73: (2536,2538) (2540,2540)
Entity 74: (2552,2559) (2567,2568)
Entity 75: (2561,2562) (2571,2571) (2608,2609) (2627,2627)
Entity 76: (2573,2577) (2589,2590)
Entity 77: (2579,2580) (2582,2582)
Entity 78: (2621,2623) (2647,2648)
Entity 79: (2668,2669) (2713,2714)
Entity 80: (2684,2689) (2694,2694)
Entity 81: (2757,2757) (2763,2763)
Entity 82: (3028,3029) (3031,3031)
Entity 83: (3058,3060) (3074,3074)
Entity 84: (3124,3128) (3130,3131)
Entity 85: (3149,3154) (3483,3488)
Entity 86: (3152,3154) (3485,3488) (4104,4104)
Entity 87: (3155,3155) (3157,3158) (3227,3228) (3324,3325)
Entity 88: (3185,3187) (3211,3213) (3224,3224) (4511,4511) (5858,5858) (6211,6211) (6406,6406) (7511,7511) (7527,7527) (7565,7565) (7943,7943) (8008,8008) (8133,8133)
Entity 89: (3248,3248) (3348,3348) (4542,4542) (4823,4823) (4868,4868)
Entity 90: (3284,3286) (3406,3408)
Entity 91: (3357,3370) (3382,3383) (3457,3459) (3462,3462)
Entity 92: (3433,3442) (3450,3451)
Entity 93: (3469,3470) (3511,3512)
Entity 94: (3527,3528) (3532,3532)
Entity 95: (3567,3572) (3587,3588)
Entity 96: (3653,3657) (3671,3671)
Entity 97: (3690,3693) (3697,3697)
Entity 98: (3703,3704) (3725,3726)
Entity 99: (3783,3785) (5487,5489) (6185,6187) (6200,6201) (6206,6206) (6467,6468) (6526,6527) (6610,6612) (6637,6638) (6699,6700) (6708,6708) (6964,6965) (7050,7051) (7078,7079) (7576,7577) (7659,7660) (7793,7795) (7920,7922)
Entity 100: (3800,3801) (3806,3806)
Entity 101: (3851,3852) (3860,3860)
Entity 102: (3916,3916) (3919,3921) (4414,4414) (4466,4467) (4496,4498)
Entity 103: (3926,3930) (3936,3936) (3940,3940) (4441,4445) (4488,4492) (4494,4494)
Entity 104: (3929,3930) (4444,4445) (4458,4458) (4491,4492)
Entity 105: (3966,3967) (4378,4379)
Entity 106: (3993,3993) (4007,4013) (4018,4019)
Entity 107: (4045,4046) (4048,4048) (4127,4128)
Entity 108: (4062,4068) (4095,4095) (4144,4152)
Entity 109: (4066,4068) (4087,4089)
Entity 110: (4182,4183) (4186,4186)
Entity 111: (4206,4217) (4219,4219)
Entity 112: (4298,4299) (4317,4319)
Entity 113: (4398,4400) (4513,4514)
Entity 114: (4401,4406) (4416,4418)
Entity 115: (4562,4567) (4574,4574)
Entity 116: (4628,4630) (4632,4632)
Entity 117: (4795,4800) (4802,4803)
Entity 118: (4842,4844) (4846,4846)
Entity 119: (4850,4852) (4856,4856)
Entity 120: (4885,4889) (4944,4947) (5469,5471) (7591,7593)
Entity 121: (4894,4895) (4952,4953) (5695,5696) (5727,5727) (5909,5910) (5929,5930) (5939,5942) (6383,6384) (6388,6391) (6514,6515) (7097,7098) (7100,7100) (7131,7132) (7475,7476) (7498,7499) (7520,7521) (7719,7720) (7807,7808)
Entity 122: (4897,4898) (5935,5936) (6233,6234) (7275,7276)
Entity 123: (4903,4906) (5921,5923) (6249,6251) (6406,6409) (7267,7270) (7278,7281) (8027,8030)
Entity 124: (4909,4925) (6398,6401)
Entity 125: (4940,4947) (5466,5471) (5670,5671)
Entity 126: (4967,4969) (5037,5039) (5891,5894) (6000,6003) (6013,6016) (6433,6436) (6444,6447) (6574,6577) (6654,6656) (6731,6732) (6908,6911) (6922,6923) (7013,7014) (7090,7091) (7148,7149) (7290,7293) (7537,7539) (8204,8208)
Entity 127: (4979,4979) (4994,4994) (5060,5060) (5071,5071) (5117,5118) (5308,5309) (5592,5593) (6621,6626) (6633,6634) (7312,7312) (7314,7314)
Entity 128: (5016,5017) (5025,5026) (5187,5188) (5247,5248) (5377,5378) (5444,5445)
Entity 129: (5209,5220) (5227,5227)
Entity 130: (5265,5267) (5271,5271) (7369,7370) (7374,7375)
Entity 131: (5432,5434) (7441,7443)
Entity 132: (5526,5528) (5530,5530)
Entity 133: (5704,5705) (5734,5735)
Entity 134: (5737,5738) (5751,5752)
Entity 135: (5769,5775) (5782,5782) (5798,5798)
Entity 136: (5855,5856) (6236,6237) (6519,6520) (6679,6680)
Entity 137: (5865,5866) (6030,6031) (6414,6415) (6417,6417) (6422,6422)
Entity 138: (5873,5877) (5882,5882)
Entity 139: (5900,5901) (5903,5903)
Entity 140: (5917,5923) (5925,5925)
Entity 141: (6136,6137) (6150,6150)
Entity 142: (6239,6239) (6265,6265) (6278,6278)
Entity 143: (6283,6283) (6286,6286) (6292,6292)
Entity 144: (6299,6300) (6659,6659) (6878,6878) (8356,8357) (8367,8367)
Entity 145: (6320,6323) (7204,7208) (7214,7214)
Entity 146: (6327,6331) (6333,6333) (6354,6354)
Entity 147: (6340,6342) (7204,7205)
Entity 148: (6450,6454) (6456,6456)
Entity 149: (6488,6489) (6508,6508)
Entity 150: (6542,6543) (7978,7979)
Entity 151: (6604,6605) (6640,6641)
Entity 152: (6672,6673) (6672,6673) (7183,7185) (7339,7340) (7431,7433) (7446,7446) (7550,7552) (7754,7756) (7866,7868) (7877,7877)
Entity 153: (6785,6787) (6806,6806) (6808,6808) (6842,6844) (6851,6851) (6869,6869)
Entity 154: (6886,6891) (6894,6894)
Entity 155: (6919,6923) (6941,6941)
Entity 156: (7027,7034) (7041,7042)
Entity 157: (7062,7063) (7067,7067)
Entity 158: (7179,7193) (7195,7195)
Entity 159: (7220,7226) (7228,7228)
Entity 160: (7296,7298) (7463,7464)
Entity 161: (7385,7391) (7393,7393)
Entity 162: (7546,7552) (7554,7554)
Entity 163: (7567,7572) (7586,7586) (7634,7634)
Entity 164: (7690,7695) (7697,7697)
Entity 165: (7713,7716) (7734,7734)
Entity 166: (7759,7762) (7764,7764)
Entity 167: (7818,7827) (7831,7832) (7843,7844)
Entity 168: (7946,7953) (7962,7962)
Entity 169: (8021,8022) (8117,8118)
Entity 170: (8051,8063) (8136,8137)
Entity 171: (8051,8052) (8122,8123)
Entity 172: (8059,8063) (8127,8131)
Entity 173: (8069,8071) (8080,8081)
Entity 174: (8146,8146) (8156,8156)
Entity 175: (8168,8173) (8174,8174)
Entity 176: (8186,8193) (8216,8217) (8232,8233)
Entity 177: (8241,8246) (8249,8249)
Entity 178: (8251,8254) (8258,8259) (8263,8263) (8283,8283)
Entity 179: (8304,8304) (8319,8320)
====> (english); part 000:
File (english); part 000:
Entity 0: (3,3) (36,36)
Entity 1: (19,24) (53,54) (123,125) (139,139)
Entity 2: (26,26) (42,42)
Entity 3: (84,86) (130,132) (169,170) (186,186) (254,256) (390,391) (428,429) (454,455) (484,485) (487,487) (491,491) (495,495) (607,608) (617,618) (626,627) (650,651) (662,664) (729,730) (752,752) (812,814) (845,847) (913,914) (936,936) (1021,1022) (1051,1051) (1149,1150) (1273,1274) (1511,1513) (1541,1542) (1540,1542) (1588,1590) (1676,1677) (2260,2261) (2324,2325) (2334,2334) (2353,2353) (3276,3278) (3433,3435) (3742,3743) (3864,3866) (3874,3876) (3874,3886) (4007,4009) (4056,4057) (4309,4311) (4391,4392) (4515,4516) (4638,4640) (4735,4737) (4747,4747) (4783,4784) (4944,4945) (5774,5775) (5817,5818) (5862,5863) (5964,5966) (6005,6006) (6061,6062) (6175,6176) (6182,6183) (6393,6394) (6411,6412) (6500,6501) (6566,6566) (6607,6608) (6624,6624) (6797,6797) (6816,6817) (6858,6859) (6869,6869) (6880,6881) (6887,6887) (6894,6894) (7456,7456) (7508,7509) (7523,7524) (7560,7561) (7580,7581) (7593,7593) (7662,7663) (7940,7941) (7956,7956) (7962,7962)
Entity 4: (91,91) (112,112)
Entity 5: (173,173) (1707,1707) (1842,1842) (3248,3248) (3348,3348) (4542,4542) (4823,4823) (4868,4868)
Entity 6: (173,174) (1707,1708)
Entity 7: (221,222) (242,243) (333,334) (1212,1213)
Entity 8: (251,252) (765,765) (1257,1258)
Entity 9: (290,291) (358,359) (921,922)
Entity 10: (317,318) (366,367)
Entity 11: (330,334) (1041,1042)
Entity 12: (414,414) (481,481) (532,532) (578,578)
Entity 13: (425,425) (440,440) (505,505) (569,569)
Entity 14: (458,460) (475,475)
Entity 15: (662,666) (863,865) (920,924) (1201,1203) (1231,1233) (1247,1247) (1596,1598) (1921,1923) (1963,1965) (3368,3370) (3708,3710) (4066,4068) (4070,4070) (4136,4138)
Entity 16: (683,683) (702,702)
Entity 17: (685,685) (704,704) (972,972)
Entity 18: (685,688) (704,707) (711,712)
Entity 19: (687,688) (706,707)
Entity 20: (759,759) (962,962)
Entity 21: (931,932) (952,953)
Entity 22: (949,953) (956,956)
Entity 23: (974,974) (2432,2432)
Entity 24: (976,976) (2508,2508)
Entity 25: (985,987) (1134,1136) (1159,1161) (1912,1914) (2269,2271) (2295,2297) (3782,3785) (4147,4149) (4305,4307) (5487,5489) (6185,6187) (6200,6201) (6206,6206) (6214,6214) (6315,6317) (6467,6468) (6525,6527) (6610,6612) (6637,6638) (6699,6700) (6708,6708) (6963,6965) (7050,7051) (7576,7577) (7659,7660) (7793,7795) (7920,7922)
Entity 26: (1047,1047) (1462,1463) (1485,1486) (2615,2616)
Entity 27: (1084,1087) (1090,1090)
Entity 28: (1084,1092) (1112,1112)
Entity 29: (1170,1170) (1269,1269) (1318,1318) (1339,1339)
Entity 30: (1206,1213) (1578,1579)
Entity 31: (1293,1296) (1428,1431)
Entity 32: (1334,1334) (1382,1382) (1475,1475) (1515,1515) (1531,1531) (1551,1551) (1601,1601)
Entity 33: (1374,1376) (1402,1403) (1638,1640)
Entity 34: (1385,1385) (1399,1399)
Entity 35: (1410,1417) (1443,1444)
Entity 36: (1415,1417) (1990,1990)
Entity 37: (1454,1456) (1493,1495)
Entity 38: (1458,1467) (1471,1471)
Entity 39: (1609,1609) (1694,1694) (1746,1746)
Entity 40: (1614,1615) (1728,1729)
Entity 41: (1666,1668) (2397,2398)
Entity 42: (1748,1748) (1767,1767) (1797,1797) (1815,1815)
Entity 43: (1858,1860) (1997,1998) (2526,2527) (4022,4023)
Entity 44: (1961,1961) (2056,2056) (2062,2062)
Entity 45: (2072,2081) (2098,2101)
Entity 46: (2165,2165) (2180,2180) (2189,2189) (2215,2215) (2255,2255)
Entity 47: (2185,2185) (2198,2198) (2206,2206) (2224,2224) (2240,2240) (2258,2258) (2336,2336) (2356,2356) (2358,2358)
Entity 48: (2207,2209) (4130,4132)
Entity 49: (2278,2278) (2317,2317) (3571,3571)
Entity 50: (2282,2283) (4188,4189)
Entity 51: (2446,2446) (2460,2460) (2467,2467)
Entity 52: (2484,2484) (3390,3390) (3410,3411)
Entity 53: (2510,2511) (2517,2517)
Entity 54: (2529,2531) (2540,2540)
Entity 55: (2567,2568) (2571,2571) (2666,2667)
Entity 56: (2597,2606) (2653,2654) (2744,2745)
Entity 57: (2608,2616) (2627,2627)
Entity 58: (2643,2643) (2682,2682)
Entity 59: (2876,2876) (2880,2880)
Entity 60: (2942,2942) (2959,2959)
Entity 61: (3100,3100) (3104,3104) (3115,3115) (3122,3122) (3133,3133)
Entity 62: (3147,3147) (3166,3166) (3229,3229) (3249,3249) (3287,3287) (3299,3299)
Entity 63: (3157,3158) (3227,3228) (3324,3325)
Entity 64: (3185,3187) (3211,3213) (4511,4511) (5858,5858) (6211,6211) (7511,7511) (7527,7527) (7565,7565) (7943,7943) (8008,8008) (8133,8133)
Entity 65: (3203,3203) (3316,3316) (3321,3321) (3472,3472)
Entity 66: (3207,3213) (3224,3224)
Entity 67: (3259,3259) (3252,3281)
Entity 68: (3284,3286) (3406,3408)
Entity 69: (3331,3331) (3334,3334) (3476,3476)
Entity 70: (3357,3371) (3382,3383)
Entity 71: (3457,3458) (3462,3462)
Entity 72: (3469,3470) (3511,3512)
Entity 73: (3527,3528) (3532,3532)
Entity 74: (3550,3551) (5437,5438)
Entity 75: (3602,3602) (3631,3631)
Entity 76: (3641,3642) (3946,3947) (3949,3949) (3957,3957) (3969,3969) (3979,3979) (3988,3988) (4039,4039) (4049,4049) (4120,4120) (4191,4191) (4240,4240) (4323,4323) (4352,4352) (4367,4367) (4373,4373) (4382,4382) (4388,4388) (4394,4395) (4427,4427) (4500,4500) (4553,4553) (4725,4725) (4731,4731)
Entity 77: (3644,3644) (3804,3804) (3843,3843) (3846,3846)
Entity 78: (3650,3651) (3655,3655)
Entity 79: (3677,3677) (3686,3686)
Entity 80: (3693,3693) (3697,3697)
Entity 81: (3758,3758) (3770,3770) (3795,3795) (3815,3815) (3833,3833) (3848,3848) (3854,3854) (3871,3871)
Entity 82: (3793,3794) (4423,4425)
Entity 83: (3851,3852) (3860,3860)
Entity 84: (3919,3921) (3940,3940) (5016,5017) (5025,5026) (5377,5378) (5444,5445)
Entity 85: (3929,3930) (4491,4492)
Entity 86: (4045,4046) (4127,4128)
Entity 87: (4062,4068) (5469,5471)
Entity 88: (4074,4075) (4076,4076)
Entity 89: (4093,4093) (4136,4136) (4198,4198) (4254,4254) (4266,4266) (4274,4274)
Entity 90: (4144,4152) (5670,5671)
Entity 91: (4201,4203) (4213,4213)
Entity 92: (4206,4209) (4224,4224) (4229,4229) (4269,4270) (4282,4282)
Entity 93: (4305,4311) (4332,4332) (4338,4338)
Entity 94: (4377,4380) (4385,4385)
Entity 95: (4401,4406) (4416,4418)
Entity 96: (4441,4452) (4488,4489) (4494,4494)
Entity 97: (4444,4452) (4458,4458)
Entity 98: (4454,4454) (4485,4485) (4507,4507) (4520,4520)
Entity 99: (4551,4551) (4591,4591)
Entity 100: (4586,4586) (4593,4593) (4600,4600) (4615,4615) (4623,4623) (4628,4628)
Entity 101: (4704,4707) (4710,4710)
Entity 102: (4817,4817) (4821,4821)
Entity 103: (4844,4844) (4846,4846)
Entity 104: (4850,4852) (4856,4856)
Entity 105: (4894,4898) (4952,4953) (5695,5696) (5727,5727) (5909,5910) (5925,5925) (5929,5930) (6383,6384) (6514,6515) (7475,7476) (7498,7499) (7520,7521) (7609,7610) (7719,7720) (7807,7808)
Entity 106: (4897,4898) (5935,5936) (6233,6234) (7275,7276)
Entity 107: (4918,4921) (5891,5894) (6000,6003) (6013,6016) (6433,6436) (6444,6447) (6654,6656) (6908,6911) (7290,7293) (7536,7539)
Entity 108: (4949,4949) (4976,4976)
Entity 109: (5060,5060) (5071,5071)
Entity 110: (5092,5092) (5117,5118)
Entity 111: (5106,5110) (5407,5411)
Entity 112: (5122,5128) (5157,5157)
Entity 113: (5265,5267) (5271,5271)
Entity 114: (5413,5414) (5425,5425)
Entity 115: (5704,5705) (5734,5735)
Entity 116: (5763,5769) (5782,5782) (5798,5798)
Entity 117: (5855,5856) (6236,6237) (6519,6520) (6679,6680)
Entity 118: (5862,5866) (7495,7499)
Entity 119: (5865,5866) (7624,7625)
Entity 120: (5896,5896) (5900,5900) (5912,5912) (6024,6024) (6102,6102)
Entity 121: (5899,5901) (5903,5903)
Entity 122: (5939,5942) (5944,5944)
Entity 123: (6136,6137) (6150,6150) (6299,6300)
Entity 124: (6148,6148) (6155,6155) (6161,6161)
Entity 125: (6182,6187) (6607,6612)
Entity 126: (6257,6257) (6262,6262) (6315,6315) (6352,6352) (6512,6512) (6517,6517)
Entity 127: (6265,6265) (6278,6278) (6286,6286) (6292,6292)
Entity 128: (6333,6333) (6354,6354)
Entity 129: (6344,6349) (6356,6356)
Entity 130: (6411,6417) (6422,6422)
Entity 131: (6542,6543) (7978,7979)
Entity 132: (6621,6626) (6633,6634)
Entity 133: (6672,6673) (7183,7185) (7339,7340)
Entity 134: (6731,6732) (6922,6923) (7090,7091) (7148,7149)
Entity 135: (6771,6771) (6781,6781) (6833,6833) (6913,6913) (6932,6932) (6997,6997) (7082,7082) (7093,7093) (7249,7249)
Entity 136: (6785,6787) (6806,6806) (6808,6808) (6842,6844) (6851,6851)
Entity 137: (6979,6981) (7114,7115) (7908,7909)
Entity 138: (6991,6992) (6995,6996)
Entity 139: (7062,7063) (7067,7067)
Entity 140: (7097,7115) (7131,7132)
Entity 141: (7204,7208) (7214,7214)
Entity 142: (7267,7270) (7278,7281) (8027,8030)
Entity 143: (7272,7293) (7304,7306) (7342,7344) (7380,7382) (7420,7422)
Entity 144: (7296,7302) (7463,7464)
Entity 145: (7309,7312) (7328,7329) (7843,7844)
Entity 146: (7363,7366) (7374,7375)
Entity 147: (7431,7433) (7446,7446) (7550,7552) (7866,7868) (7877,7877)
Entity 148: (7460,7460) (7469,7469)
Entity 149: (7478,7483) (7491,7491)
Entity 150: (7598,7598) (7629,7629)
Entity 151: (7713,7720) (7734,7734)
Entity 152: (7829,7829) (7840,7840) (7859,7859) (7887,7887) (7912,7912) (7970,7970) (7982,7982) (8000,8000) (8065,8065)
Entity 153: (7995,7996) (8096,8097)
Entity 154: (8005,8006) (8051,8052) (8122,8123)
Entity 155: (8021,8022) (8117,8118) (8139,8139)
Entity 156: (8039,8040) (8043,8043) (8045,8045) (8074,8074) (8099,8099) (8143,8144)
Entity 157: (8063,8063) (8131,8131)
Entity 158: (8069,8071) (8080,8081)
Entity 159: (8186,8193) (8216,8217)
Entity 160: (8232,8233) (8249,8249)
Entity 161: (8256,8259) (8263,8263) (8283,8283)
Entity 162: (8309,8309) (8319,8319)
Entity 163: (8358,8358) (8356,8358) (8367,8367)
(english); part 000:
Repeated mention in the key: 6672, 6673 798799
Total key mentions: 870
Total response mentions: 638
Strictly correct identified mentions: 476
Partially correct identified mentions: 0
No identified: 394
Invented: 163
Recall: (59.8601323987589 / 180) 33.25%	Precision: (59.8601323987589 / 164) 36.5%	F1: 34.8%
--------------------------------------------------------------------------

====== TOTALS =======
Identification of Mentions: Recall: (476 / 870) 54.71%	Precision: (476 / 638) 74.6%	F1: 63.12%
--------------------------------------------------------------------------
Coreference: Recall: (59.8601323987589 / 180) 33.25%	Precision: (59.8601323987589 / 164) 36.5%	F1: 34.8%
--------------------------------------------------------------------------

METRIC lea:
====> (english); part 000:
File (english); part 000:
Entity 0: (0,1) (1651,1652) (2472,2473) (2719,2720) (3139,3140) (3641,3642) (3946,3947) (4394,4395) (4926,4927) (5932,5933) (6438,6439) (6883,6884) (7246,7247) (7478,7479) (7491,7491) (7643,7643) (7807,7807) (7836,7836) (8039,8040) (8143,8144)
Entity 1: (3,3) (1656,1656) (2722,2722) (3142,3142) (4931,4931) (7481,7481) (7855,7855)
Entity 2: (5,5) (1658,1658) (2724,2724) (3144,3144) (4933,4933) (7483,7483) (7857,7857)
Entity 3: (11,24) (36,36)
Entity 4: (23,24) (203,204) (404,405) (1573,1574) (1597,1598)
Entity 5: (26,26) (42,42) (1318,1318) (1609,1609) (1746,1746) (2189,2189) (2215,2215) (3203,3203) (3316,3316) (3321,3321) (3472,3472) (3644,3644) (3804,3804) (3949,3949) (3957,3957) (3969,3969) (3979,3979) (4039,4039) (4049,4049) (4120,4120) (4191,4191) (4240,4240) (4323,4323) (4367,4367) (4373,4373) (4382,4382) (4388,4388) (4500,4500) (4553,4553) (4725,4725) (4731,4731) (4949,4949) (5896,5896) (5900,5900) (5912,5912) (6024,6024) (6102,6102) (6257,6257) (6262,6262) (6315,6315) (6512,6512) (6517,6517) (6675,6675) (6771,6771) (6781,6781) (6833,6833) (6913,6913) (6932,6932) (6997,6997) (7082,7082) (7093,7093) (7249,7249) (7485,7485) (7740,7740) (8043,8043) (8045,8045) (8074,8074) (8099,8099)
Entity 6: (53,54) (123,125) (139,139) (1041,1042) (4213,4213)
Entity 7: (66,68) (1964,1965) (3368,3370) (3708,3710) (3911,3912) (4106,4108) (4136,4138) (4410,4410) (4448,4449)
Entity 8: (84,86) (130,132) (254,256) (341,341) (427,429) (607,608) (626,627) (662,664) (845,847) (1511,1513) (1540,1542) (1588,1590) (1676,1677) (3276,3278) (3433,3435) (3742,3743) (3864,3866) (3874,3876) (4309,4311) (4639,4640) (4735,4737) (4747,4747) (4783,4784) (5774,5775) (5817,5818) (5964,5966) (6061,6062) (6175,6176) (6500,6501) (6797,6797) (6816,6817) (6880,6881)
Entity 9: (91,91) (112,112) (121,121) (252,252) (425,425) (440,440) (451,451) (470,471) (569,569) (759,759) (857,857) (962,962) (999,999)
Entity 10: (130,133) (173,174) (1707,1708) (1842,1843) (2056,2058) (3864,3867)
Entity 11: (135,135) (414,414) (481,481) (578,578) (875,875) (897,897) (2090,2090)
Entity 12: (150,154) (1662,1668) (4608,4612)
Entity 13: (153,154) (3252,3253) (3259,3259) (3881,3882) (4697,4698) (4710,4710) (4719,4721)
Entity 14: (157,158) (1189,1192)
Entity 15: (169,170) (390,391) (454,455) (484,485) (487,487) (491,491) (495,495) (617,618) (650,651) (729,730) (913,914) (1021,1022) (1149,1150) (1273,1274) (1385,1385) (1399,1399) (2260,2261) (2324,2325) (2334,2334) (2353,2353) (4056,4057) (4391,4392) (4515,4516) (4909,4910) (4944,4945) (5862,5863) (6005,6006) (6182,6183) (6393,6394) (6411,6412) (6607,6608) (6858,6859) (6886,6887) (7495,7496) (7508,7509) (7523,7524) (7560,7561) (7580,7581) (7662,7663) (7940,7941) (7956,7956)
Entity 16: (178,180) (182,183)
Entity 17: (221,222) (242,243) (317,318) (333,334) (721,723) (1212,1213)
Entity 18: (251,252) (762,765)
Entity 19: (330,334) (1197,1199)
Entity 20: (398,405) (592,599)
Entity 21: (458,460) (475,475)
Entity 22: (497,499) (541,544)
Entity 23: (555,555) (561,561) (1736,1736) (1786,1786) (1830,1830) (2124,2124)
Entity 24: (613,615) (735,737)
Entity 25: (623,629) (4172,4177) (4335,4340) (4350,4351)
Entity 26: (674,675) (698,700)
Entity 27: (683,683) (702,702)
Entity 28: (685,685) (704,704) (972,972)
Entity 29: (687,688) (706,707)
Entity 30: (715,719) (750,751)
Entity 31: (716,716) (4358,4358)
Entity 32: (718,718) (4360,4360)
Entity 33: (725,725) (1047,1047) (1293,1296) (1429,1431) (1463,1463) (1486,1486) (2616,2616)
Entity 34: (725,727) (1047,1049)
Entity 35: (740,743) (767,773) (840,847) (902,902) (1016,1019)
Entity 36: (745,746) (1231,1232) (4161,4163) (4774,4775) (5432,5433) (6957,6958) (6979,6981) (7114,7115) (7786,7786) (7909,7909)
Entity 37: (863,865) (1921,1923)
Entity 38: (949,953) (956,956)
Entity 39: (974,974) (2432,2432)
Entity 40: (976,976) (2508,2508)
Entity 41: (1001,1001) (1013,1013)
Entity 42: (1084,1087) (1090,1090) (1112,1112)
Entity 43: (1134,1136) (1159,1161) (1912,1914) (2269,2271) (2295,2297) (3153,3153) (3486,3487) (3490,3491) (4070,4070) (4076,4076) (4147,4149) (4305,4307)
Entity 44: (1201,1203) (1231,1233) (3361,3362) (3914,3914) (4412,4412) (4451,4452) (4767,4767)
Entity 45: (1281,1286) (4206,4209) (4224,4224) (4229,4229) (4269,4270) (4282,4282)
Entity 46: (1331,1334) (1379,1382)
Entity 47: (1334,1334) (1382,1382) (1475,1475) (1515,1515) (1531,1531) (1551,1551) (1601,1601) (3841,3841)
Entity 48: (1374,1376) (1402,1403) (1638,1640)
Entity 49: (1389,1389) (1748,1748) (1767,1767) (1797,1797) (1815,1815) (1890,1890) (1907,1907) (1961,1961) (2056,2056) (2132,2132) (2185,2185) (2198,2198) (2224,2224) (2240,2240) (2243,2243) (2358,2358) (2425,2425) (2436,2436) (2753,2753) (2892,2892) (2915,2915) (2924,2924) (2942,2942) (2959,2959) (3051,3051) (3056,3056) (3100,3100) (3104,3104) (3115,3115) (3122,3122) (3133,3133) (3147,3147) (3166,3166) (3229,3229) (3249,3249) (3287,3287) (3299,3299) (3331,3331) (3334,3334) (3377,3377) (3444,3444) (3476,3476) (3504,3504) (3602,3602) (3610,3610) (3631,3631) (3677,3677) (3686,3686) (3733,3733) (3753,3753) (3758,3758) (3770,3770) (3795,3795) (3815,3815) (3833,3833) (3848,3848) (3871,3871) (3885,3885) (3933,3933) (3988,3988) (4093,4093) (4198,4198) (4249,4249) (4254,4254) (4266,4266) (4274,4274) (4332,4332) (4454,4454) (4473,4473) (4485,4485) (4507,4507) (4520,4520) (4742,4742) (4788,4788) (4817,4817) (4821,4821) (4827,4827) (4864,4864) (4882,4882) (5787,5787) (5977,5977) (5996,5996) (6068,6068) (6209,6209) (6214,6214) (6590,6590) (6647,6647) (7198,7198) (7300,7300) (7460,7460) (7469,7469) (7598,7598) (7629,7629) (7829,7829) (7840,7840) (7859,7859) (7887,7887) (7912,7912) (7970,7970) (7982,7982) (8000,8000) (8065,8065) (8164,8164)
Entity 50: (1407,1417) (1443,1444)
Entity 51: (1458,1463) (1465,1466) (1471,1471)
Entity 52: (1544,1549) (1565,1566)
Entity 53: (1553,1557) (1578,1579)
Entity 54: (1614,1617) (1627,1631)
Entity 55: (1654,1654) (1760,1760) (1765,1765) (1769,1769) (1959,1959) (1975,1975) (2161,2161) (2165,2165) (2180,2180) (2255,2255) (3650,3651) (3655,3655) (3843,3843) (3846,3846) (4929,4929)
Entity 56: (1722,1724) (1727,1727)
Entity 57: (1968,1971) (1978,1978)
Entity 58: (2017,2021) (2023,2023)
Entity 59: (2072,2081) (2098,2101)
Entity 60: (2113,2113) (4551,4551) (4591,4591) (4593,4593) (4600,4600) (4615,4615) (4623,4623) (4628,4628)
Entity 61: (2135,2137) (2141,2141)
Entity 62: (2157,2157) (3078,3078) (3755,3755) (3777,3777)
Entity 63: (2207,2209) (4130,4132)
Entity 64: (2230,2234) (4762,4765)
Entity 65: (2277,2279) (2317,2318)
Entity 66: (2278,2278) (2317,2317) (2365,2366) (3571,3571) (4289,4292)
Entity 67: (2282,2283) (3975,3976) (3978,3978)
Entity 68: (2289,2289) (2299,2299)
Entity 69: (2475,2480) (2656,2658)
Entity 70: (2484,2484) (3390,3390) (3410,3411)
Entity 71: (2514,2514) (2517,2517) (2675,2676)
Entity 72: (2526,2527) (4022,4023)
Entity 73: (2536,2538) (2540,2540)
Entity 74: (2552,2559) (2567,2568)
Entity 75: (2561,2562) (2571,2571) (2608,2609) (2627,2627)
Entity 76: (2573,2577) (2589,2590)
Entity 77: (2579,2580) (2582,2582)
Entity 78: (2621,2623) (2647,2648)
Entity 79: (2668,2669) (2713,2714)
Entity 80: (2684,2689) (2694,2694)
Entity 81: (2757,2757) (2763,2763)
Entity 82: (3028,3029) (3031,3031)
Entity 83: (3058,3060) (3074,3074)
Entity 84: (3124,3128) (3130,3131)
Entity 85: (3149,3154) (3483,3488)
Entity 86: (3152,3154) (3485,3488) (4104,4104)
Entity 87: (3155,3155) (3157,3158) (3227,3228) (3324,3325)
Entity 88: (3185,3187) (3211,3213) (3224,3224) (4511,4511) (5858,5858) (6211,6211) (6406,6406) (7511,7511) (7527,7527) (7565,7565) (7943,7943) (8008,8008) (8133,8133)
Entity 89: (3248,3248) (3348,3348) (4542,4542) (4823,4823) (4868,4868)
Entity 90: (3284,3286) (3406,3408)
Entity 91: (3357,3370) (3382,3383) (3457,3459) (3462,3462)
Entity 92: (3433,3442) (3450,3451)
Entity 93: (3469,3470) (3511,3512)
Entity 94: (3527,3528) (3532,3532)
Entity 95: (3567,3572) (3587,3588)
Entity 96: (3653,3657) (3671,3671)
Entity 97: (3690,3693) (3697,3697)
Entity 98: (3703,3704) (3725,3726)
Entity 99: (3783,3785) (5487,5489) (6185,6187) (6200,6201) (6206,6206) (6467,6468) (6526,6527) (6610,6612) (6637,6638) (6699,6700) (6708,6708) (6964,6965) (7050,7051) (7078,7079) (7576,7577) (7659,7660) (7793,7795) (7920,7922)
Entity 100: (3800,3801) (3806,3806)
Entity 101: (3851,3852) (3860,3860)
Entity 102: (3916,3916) (3919,3921) (4414,4414) (4466,4467) (4496,4498)
Entity 103: (3926,3930) (3936,3936) (3940,3940) (4441,4445) (4488,4492) (4494,4494)
Entity 104: (3929,3930) (4444,4445) (4458,4458) (4491,4492)
Entity 105: (3966,3967) (4378,4379)
Entity 106: (3993,3993) (4007,4013) (4018,4019)
Entity 107: (4045,4046) (4048,4048) (4127,4128)
Entity 108: (4062,4068) (4095,4095) (4144,4152)
Entity 109: (4066,4068) (4087,4089)
Entity 110: (4182,4183) (4186,4186)
Entity 111: (4206,4217) (4219,4219)
Entity 112: (4298,4299) (4317,4319)
Entity 113: (4398,4400) (4513,4514)
Entity 114: (4401,4406) (4416,4418)
Entity 115: (4562,4567) (4574,4574)
Entity 116: (4628,4630) (4632,4632)
Entity 117: (4795,4800) (4802,4803)
Entity 118: (4842,4844) (4846,4846)
Entity 119: (4850,4852) (4856,4856)
Entity 120: (4885,4889) (4944,4947) (5469,5471) (7591,7593)
Entity 121: (4894,4895) (4952,4953) (5695,5696) (5727,5727) (5909,5910) (5929,5930) (5939,5942) (6383,6384) (6388,6391) (6514,6515) (7097,7098) (7100,7100) (7131,7132) (7475,7476) (7498,7499) (7520,7521) (7719,7720) (7807,7808)
Entity 122: (4897,4898) (5935,5936) (6233,6234) (7275,7276)
Entity 123: (4903,4906) (5921,5923) (6249,6251) (6406,6409) (7267,7270) (7278,7281) (8027,8030)
Entity 124: (4909,4925) (6398,6401)
Entity 125: (4940,4947) (5466,5471) (5670,5671)
Entity 126: (4967,4969) (5037,5039) (5891,5894) (6000,6003) (6013,6016) (6433,6436) (6444,6447) (6574,6577) (6654,6656) (6731,6732) (6908,6911) (6922,6923) (7013,7014) (7090,7091) (7148,7149) (7290,7293) (7537,7539) (8204,8208)
Entity 127: (4979,4979) (4994,4994) (5060,5060) (5071,5071) (5117,5118) (5308,5309) (5592,5593) (6621,6626) (6633,6634) (7312,7312) (7314,7314)
Entity 128: (5016,5017) (5025,5026) (5187,5188) (5247,5248) (5377,5378) (5444,5445)
Entity 129: (5209,5220) (5227,5227)
Entity 130: (5265,5267) (5271,5271) (7369,7370) (7374,7375)
Entity 131: (5432,5434) (7441,7443)
Entity 132: (5526,5528) (5530,5530)
Entity 133: (5704,5705) (5734,5735)
Entity 134: (5737,5738) (5751,5752)
Entity 135: (5769,5775) (5782,5782) (5798,5798)
Entity 136: (5855,5856) (6236,6237) (6519,6520) (6679,6680)
Entity 137: (5865,5866) (6030,6031) (6414,6415) (6417,6417) (6422,6422)
Entity 138: (5873,5877) (5882,5882)
Entity 139: (5900,5901) (5903,5903)
Entity 140: (5917,5923) (5925,5925)
Entity 141: (6136,6137) (6150,6150)
Entity 142: (6239,6239) (6265,6265) (6278,6278)
Entity 143: (6283,6283) (6286,6286) (6292,6292)
Entity 144: (6299,6300) (6659,6659) (6878,6878) (8356,8357) (8367,8367)
Entity 145: (6320,6323) (7204,7208) (7214,7214)
Entity 146: (6327,6331) (6333,6333) (6354,6354)
Entity 147: (6340,6342) (7204,7205)
Entity 148: (6450,6454) (6456,6456)
Entity 149: (6488,6489) (6508,6508)
Entity 150: (6542,6543) (7978,7979)
Entity 151: (6604,6605) (6640,6641)
Entity 152: (6672,6673) (6672,6673) (7183,7185) (7339,7340) (7431,7433) (7446,7446) (7550,7552) (7754,7756) (7866,7868) (7877,7877)
Entity 153: (6785,6787) (6806,6806) (6808,6808) (6842,6844) (6851,6851) (6869,6869)
Entity 154: (6886,6891) (6894,6894)
Entity 155: (6919,6923) (6941,6941)
Entity 156: (7027,7034) (7041,7042)
Entity 157: (7062,7063) (7067,7067)
Entity 158: (7179,7193) (7195,7195)
Entity 159: (7220,7226) (7228,7228)
Entity 160: (7296,7298) (7463,7464)
Entity 161: (7385,7391) (7393,7393)
Entity 162: (7546,7552) (7554,7554)
Entity 163: (7567,7572) (7586,7586) (7634,7634)
Entity 164: (7690,7695) (7697,7697)
Entity 165: (7713,7716) (7734,7734)
Entity 166: (7759,7762) (7764,7764)
Entity 167: (7818,7827) (7831,7832) (7843,7844)
Entity 168: (7946,7953) (7962,7962)
Entity 169: (8021,8022) (8117,8118)
Entity 170: (8051,8063) (8136,8137)
Entity 171: (8051,8052) (8122,8123)
Entity 172: (8059,8063) (8127,8131)
Entity 173: (8069,8071) (8080,8081)
Entity 174: (8146,8146) (8156,8156)
Entity 175: (8168,8173) (8174,8174)
Entity 176: (8186,8193) (8216,8217) (8232,8233)
Entity 177: (8241,8246) (8249,8249)
Entity 178: (8251,8254) (8258,8259) (8263,8263) (8283,8283)
Entity 179: (8304,8304) (8319,8320)
====> (english); part 000:
File (english); part 000:
Entity 0: (3,3) (36,36)
Entity 1: (19,24) (53,54) (123,125) (139,139)
Entity 2: (26,26) (42,42)
Entity 3: (84,86) (130,132) (169,170) (186,186) (254,256) (390,391) (428,429) (454,455) (484,485) (487,487) (491,491) (495,495) (607,608) (617,618) (626,627) (650,651) (662,664) (729,730) (752,752) (812,814) (845,847) (913,914) (936,936) (1021,1022) (1051,1051) (1149,1150) (1273,1274) (1511,1513) (1541,1542) (1540,1542) (1588,1590) (1676,1677) (2260,2261) (2324,2325) (2334,2334) (2353,2353) (3276,3278) (3433,3435) (3742,3743) (3864,3866) (3874,3876) (3874,3886) (4007,4009) (4056,4057) (4309,4311) (4391,4392) (4515,4516) (4638,4640) (4735,4737) (4747,4747) (4783,4784) (4944,4945) (5774,5775) (5817,5818) (5862,5863) (5964,5966) (6005,6006) (6061,6062) (6175,6176) (6182,6183) (6393,6394) (6411,6412) (6500,6501) (6566,6566) (6607,6608) (6624,6624) (6797,6797) (6816,6817) (6858,6859) (6869,6869) (6880,6881) (6887,6887) (6894,6894) (7456,7456) (7508,7509) (7523,7524) (7560,7561) (7580,7581) (7593,7593) (7662,7663) (7940,7941) (7956,7956) (7962,7962)
Entity 4: (91,91) (112,112)
Entity 5: (173,173) (1707,1707) (1842,1842) (3248,3248) (3348,3348) (4542,4542) (4823,4823) (4868,4868)
Entity 6: (173,174) (1707,1708)
Entity 7: (221,222) (242,243) (333,334) (1212,1213)
Entity 8: (251,252) (765,765) (1257,1258)
Entity 9: (290,291) (358,359) (921,922)
Entity 10: (317,318) (366,367)
Entity 11: (330,334) (1041,1042)
Entity 12: (414,414) (481,481) (532,532) (578,578)
Entity 13: (425,425) (440,440) (505,505) (569,569)
Entity 14: (458,460) (475,475)
Entity 15: (662,666) (863,865) (920,924) (1201,1203) (1231,1233) (1247,1247) (1596,1598) (1921,1923) (1963,1965) (3368,3370) (3708,3710) (4066,4068) (4070,4070) (4136,4138)
Entity 16: (683,683) (702,702)
Entity 17: (685,685) (704,704) (972,972)
Entity 18: (685,688) (704,707) (711,712)
Entity 19: (687,688) (706,707)
Entity 20: (759,759) (962,962)
Entity 21: (931,932) (952,953)
Entity 22: (949,953) (956,956)
Entity 23: (974,974) (2432,2432)
Entity 24: (976,976) (2508,2508)
Entity 25: (985,987) (1134,1136) (1159,1161) (1912,1914) (2269,2271) (2295,2297) (3782,3785) (4147,4149) (4305,4307) (5487,5489) (6185,6187) (6200,6201) (6206,6206) (6214,6214) (6315,6317) (6467,6468) (6525,6527) (6610,6612) (6637,6638) (6699,6700) (6708,6708) (6963,6965) (7050,7051) (7576,7577) (7659,7660) (7793,7795) (7920,7922)
Entity 26: (1047,1047) (1462,1463) (1485,1486) (2615,2616)
Entity 27: (1084,1087) (1090,1090)
Entity 28: (1084,1092) (1112,1112)
Entity 29: (1170,1170) (1269,1269) (1318,1318) (1339,1339)
Entity 30: (1206,1213) (1578,1579)
Entity 31: (1293,1296) (1428,1431)
Entity 32: (1334,1334) (1382,1382) (1475,1475) (1515,1515) (1531,1531) (1551,1551) (1601,1601)
Entity 33: (1374,1376) (1402,1403) (1638,1640)
Entity 34: (1385,1385) (1399,1399)
Entity 35: (1410,1417) (1443,1444)
Entity 36: (1415,1417) (1990,1990)
Entity 37: (1454,1456) (1493,1495)
Entity 38: (1458,1467) (1471,1471)
Entity 39: (1609,1609) (1694,1694) (1746,1746)
Entity 40: (1614,1615) (1728,1729)
Entity 41: (1666,1668) (2397,2398)
Entity 42: (1748,1748) (1767,1767) (1797,1797) (1815,1815)
Entity 43: (1858,1860) (1997,1998) (2526,2527) (4022,4023)
Entity 44: (1961,1961) (2056,2056) (2062,2062)
Entity 45: (2072,2081) (2098,2101)
Entity 46: (2165,2165) (2180,2180) (2189,2189) (2215,2215) (2255,2255)
Entity 47: (2185,2185) (2198,2198) (2206,2206) (2224,2224) (2240,2240) (2258,2258) (2336,2336) (2356,2356) (2358,2358)
Entity 48: (2207,2209) (4130,4132)
Entity 49: (2278,2278) (2317,2317) (3571,3571)
Entity 50: (2282,2283) (4188,4189)
Entity 51: (2446,2446) (2460,2460) (2467,2467)
Entity 52: (2484,2484) (3390,3390) (3410,3411)
Entity 53: (2510,2511) (2517,2517)
Entity 54: (2529,2531) (2540,2540)
Entity 55: (2567,2568) (2571,2571) (2666,2667)
Entity 56: (2597,2606) (2653,2654) (2744,2745)
Entity 57: (2608,2616) (2627,2627)
Entity 58: (2643,2643) (2682,2682)
Entity 59: (2876,2876) (2880,2880)
Entity 60: (2942,2942) (2959,2959)
Entity 61: (3100,3100) (3104,3104) (3115,3115) (3122,3122) (3133,3133)
Entity 62: (3147,3147) (3166,3166) (3229,3229) (3249,3249) (3287,3287) (3299,3299)
Entity 63: (3157,3158) (3227,3228) (3324,3325)
Entity 64: (3185,3187) (3211,3213) (4511,4511) (5858,5858) (6211,6211) (7511,7511) (7527,7527) (7565,7565) (7943,7943) (8008,8008) (8133,8133)
Entity 65: (3203,3203) (3316,3316) (3321,3321) (3472,3472)
Entity 66: (3207,3213) (3224,3224)
Entity 67: (3259,3259) (3252,3281)
Entity 68: (3284,3286) (3406,3408)
Entity 69: (3331,3331) (3334,3334) (3476,3476)
Entity 70: (3357,3371) (3382,3383)
Entity 71: (3457,3458) (3462,3462)
Entity 72: (3469,3470) (3511,3512)
Entity 73: (3527,3528) (3532,3532)
Entity 74: (3550,3551) (5437,5438)
Entity 75: (3602,3602) (3631,3631)
Entity 76: (3641,3642) (3946,3947) (3949,3949) (3957,3957) (3969,3969) (3979,3979) (3988,3988) (4039,4039) (4049,4049) (4120,4120) (4191,4191) (4240,4240) (4323,4323) (4352,4352) (4367,4367) (4373,4373) (4382,4382) (4388,4388) (4394,4395) (4427,4427) (4500,4500) (4553,4553) (4725,4725) (4731,4731)
Entity 77: (3644,3644) (3804,3804) (3843,3843) (3846,3846)
Entity 78: (3650,3651) (3655,3655)
Entity 79: (3677,3677) (3686,3686)
Entity 80: (3693,3693) (3697,3697)
Entity 81: (3758,3758) (3770,3770) (3795,3795) (3815,3815) (3833,3833) (3848,3848) (3854,3854) (3871,3871)
Entity 82: (3793,3794) (4423,4425)
Entity 83: (3851,3852) (3860,3860)
Entity 84: (3919,3921) (3940,3940) (5016,5017) (5025,5026) (5377,5378) (5444,5445)
Entity 85: (3929,3930) (4491,4492)
Entity 86: (4045,4046) (4127,4128)
Entity 87: (4062,4068) (5469,5471)
Entity 88: (4074,4075) (4076,4076)
Entity 89: (4093,4093) (4136,4136) (4198,4198) (4254,4254) (4266,4266) (4274,4274)
Entity 90: (4144,4152) (5670,5671)
Entity 91: (4201,4203) (4213,4213)
Entity 92: (4206,4209) (4224,4224) (4229,4229) (4269,4270) (4282,4282)
Entity 93: (4305,4311) (4332,4332) (4338,4338)
Entity 94: (4377,4380) (4385,4385)
Entity 95: (4401,4406) (4416,4418)
Entity 96: (4441,4452) (4488,4489) (4494,4494)
Entity 97: (4444,4452) (4458,4458)
Entity 98: (4454,4454) (4485,4485) (4507,4507) (4520,4520)
Entity 99: (4551,4551) (4591,4591)
Entity 100: (4586,4586) (4593,4593) (4600,4600) (4615,4615) (4623,4623) (4628,4628)
Entity 101: (4704,4707) (4710,4710)
Entity 102: (4817,4817) (4821,4821)
Entity 103: (4844,4844) (4846,4846)
Entity 104: (4850,4852) (4856,4856)
Entity 105: (4894,4898) (4952,4953) (5695,5696) (5727,5727) (5909,5910) (5925,5925) (5929,5930) (6383,6384) (6514,6515) (7475,7476) (7498,7499) (7520,7521) (7609,7610) (7719,7720) (7807,7808)
Entity 106: (4897,4898) (5935,5936) (6233,6234) (7275,7276)
Entity 107: (4918,4921) (5891,5894) (6000,6003) (6013,6016) (6433,6436) (6444,6447) (6654,6656) (6908,6911) (7290,7293) (7536,7539)
Entity 108: (4949,4949) (4976,4976)
Entity 109: (5060,5060) (5071,5071)
Entity 110: (5092,5092) (5117,5118)
Entity 111: (5106,5110) (5407,5411)
Entity 112: (5122,5128) (5157,5157)
Entity 113: (5265,5267) (5271,5271)
Entity 114: (5413,5414) (5425,5425)
Entity 115: (5704,5705) (5734,5735)
Entity 116: (5763,5769) (5782,5782) (5798,5798)
Entity 117: (5855,5856) (6236,6237) (6519,6520) (6679,6680)
Entity 118: (5862,5866) (7495,7499)
Entity 119: (5865,5866) (7624,7625)
Entity 120: (5896,5896) (5900,5900) (5912,5912) (6024,6024) (6102,6102)
Entity 121: (5899,5901) (5903,5903)
Entity 122: (5939,5942) (5944,5944)
Entity 123: (6136,6137) (6150,6150) (6299,6300)
Entity 124: (6148,6148) (6155,6155) (6161,6161)
Entity 125: (6182,6187) (6607,6612)
Entity 126: (6257,6257) (6262,6262) (6315,6315) (6352,6352) (6512,6512) (6517,6517)
Entity 127: (6265,6265) (6278,6278) (6286,6286) (6292,6292)
Entity 128: (6333,6333) (6354,6354)
Entity 129: (6344,6349) (6356,6356)
Entity 130: (6411,6417) (6422,6422)
Entity 131: (6542,6543) (7978,7979)
Entity 132: (6621,6626) (6633,6634)
Entity 133: (6672,6673) (7183,7185) (7339,7340)
Entity 134: (6731,6732) (6922,6923) (7090,7091) (7148,7149)
Entity 135: (6771,6771) (6781,6781) (6833,6833) (6913,6913) (6932,6932) (6997,6997) (7082,7082) (7093,7093) (7249,7249)
Entity 136: (6785,6787) (6806,6806) (6808,6808) (6842,6844) (6851,6851)
Entity 137: (6979,6981) (7114,7115) (7908,7909)
Entity 138: (6991,6992) (6995,6996)
Entity 139: (7062,7063) (7067,7067)
Entity 140: (7097,7115) (7131,7132)
Entity 141: (7204,7208) (7214,7214)
Entity 142: (7267,7270) (7278,7281) (8027,8030)
Entity 143: (7272,7293) (7304,7306) (7342,7344) (7380,7382) (7420,7422)
Entity 144: (7296,7302) (7463,7464)
Entity 145: (7309,7312) (7328,7329) (7843,7844)
Entity 146: (7363,7366) (7374,7375)
Entity 147: (7431,7433) (7446,7446) (7550,7552) (7866,7868) (7877,7877)
Entity 148: (7460,7460) (7469,7469)
Entity 149: (7478,7483) (7491,7491)
Entity 150: (7598,7598) (7629,7629)
Entity 151: (7713,7720) (7734,7734)
Entity 152: (7829,7829) (7840,7840) (7859,7859) (7887,7887) (7912,7912) (7970,7970) (7982,7982) (8000,8000) (8065,8065)
Entity 153: (7995,7996) (8096,8097)
Entity 154: (8005,8006) (8051,8052) (8122,8123)
Entity 155: (8021,8022) (8117,8118) (8139,8139)
Entity 156: (8039,8040) (8043,8043) (8045,8045) (8074,8074) (8099,8099) (8143,8144)
Entity 157: (8063,8063) (8131,8131)
Entity 158: (8069,8071) (8080,8081)
Entity 159: (8186,8193) (8216,8217)
Entity 160: (8232,8233) (8249,8249)
Entity 161: (8256,8259) (8263,8263) (8283,8283)
Entity 162: (8309,8309) (8319,8319)
Entity 163: (8358,8358) (8356,8358) (8367,8367)
(english); part 000:
Repeated mention in the key: 6672, 6673 798799
Total key mentions: 870
Total response mentions: 638
Strictly correct identified mentions: 476
Partially correct identified mentions: 0
No identified: 394
Invented: 163
Recall: (218.09773443153 / 871) 25.03%	Precision: (310.759395300116 / 638) 48.7%	F1: 33.07%
--------------------------------------------------------------------------

====== TOTALS =======
Identification of Mentions: Recall: (476 / 870) 54.71%	Precision: (476 / 638) 74.6%	F1: 63.12%
--------------------------------------------------------------------------
Coreference: Recall: (218.09773443153 / 871) 25.03%	Precision: (310.759395300116 / 638) 48.7%	F1: 33.07%
--------------------------------------------------------------------------
