version: 9.0.0-alpha /home/cwalsh/linguistic-processses-ld/evaluator/lib/CorScorer.pm

METRIC muc:
====> (english); part 000:
File (english); part 000:
Entity 0: (0,1) (1650,1651) (2471,2472) (2718,2719) (3138,3139) (3640,3641) (3945,3946) (4393,4394) (4925,4926) (5931,5932) (6437,6438) (6883,6884) (7246,7247) (7478,7479) (7491,7491) (7643,7643) (7809,7809) (7838,7838) (8041,8042) (8145,8146)
Entity 1: (3,3) (1655,1655) (2721,2721) (3141,3141) (4930,4930) (7481,7481) (7857,7857)
Entity 2: (5,5) (1657,1657) (2723,2723) (3143,3143) (4932,4932) (7483,7483) (7859,7859)
Entity 3: (11,24) (36,36)
Entity 4: (23,24) (203,204) (405,406) (1572,1573) (1596,1597)
Entity 5: (26,26) (42,42) (1317,1317) (1608,1608) (1745,1745) (2188,2188) (2214,2214) (3202,3202) (3315,3315) (3320,3320) (3471,3471) (3643,3643) (3803,3803) (3948,3948) (3956,3956) (3968,3968) (3978,3978) (4038,4038) (4048,4048) (4119,4119) (4190,4190) (4239,4239) (4322,4322) (4366,4366) (4372,4372) (4381,4381) (4387,4387) (4499,4499) (4552,4552) (4724,4724) (4730,4730) (4948,4948) (5895,5895) (5899,5899) (5911,5911) (6023,6023) (6101,6101) (6256,6256) (6261,6261) (6314,6314) (6511,6511) (6516,6516) (6675,6675) (6771,6771) (6781,6781) (6833,6833) (6913,6913) (6932,6932) (6997,6997) (7082,7082) (7093,7093) (7249,7249) (7485,7485) (7740,7740) (8045,8045) (8047,8047) (8076,8076) (8101,8101)
Entity 6: (53,54) (123,125) (139,139) (1040,1041) (4212,4212)
Entity 7: (66,68) (1963,1964) (3367,3369) (3707,3709) (3910,3911) (4105,4107) (4135,4137) (4409,4409) (4447,4448)
Entity 8: (84,86) (130,132) (254,256) (341,341) (428,430) (608,609) (627,628) (663,665) (846,848) (1510,1512) (1539,1541) (1587,1589) (1675,1676) (3275,3277) (3432,3434) (3741,3742) (3863,3865) (3873,3875) (4308,4310) (4638,4639) (4734,4736) (4746,4746) (4782,4783) (5773,5774) (5816,5817) (5963,5965) (6060,6061) (6174,6175) (6499,6500) (6797,6797) (6816,6817) (6880,6881)
Entity 9: (91,91) (112,112) (121,121) (252,252) (426,426) (441,441) (452,452) (471,472) (570,570) (760,760) (858,858) (963,963) (998,998)
Entity 10: (130,133) (173,174) (1706,1707) (1841,1842) (2055,2057) (3863,3866)
Entity 11: (135,135) (415,415) (482,482) (579,579) (876,876) (898,898) (2089,2089)
Entity 12: (150,154) (1661,1667) (4607,4611)
Entity 13: (153,154) (3251,3252) (3258,3258) (3880,3881) (4696,4697) (4709,4709) (4718,4720)
Entity 14: (157,158) (1188,1191)
Entity 15: (169,170) (391,392) (455,456) (485,486) (488,488) (492,492) (496,496) (618,619) (651,652) (730,731) (914,915) (1020,1021) (1148,1149) (1272,1273) (1384,1384) (1398,1398) (2259,2260) (2323,2324) (2333,2333) (2352,2352) (4055,4056) (4390,4391) (4514,4515) (4908,4909) (4943,4944) (5861,5862) (6004,6005) (6181,6182) (6392,6393) (6410,6411) (6606,6607) (6858,6859) (6886,6887) (7495,7496) (7508,7509) (7523,7524) (7560,7561) (7580,7581) (7662,7663) (7942,7943) (7958,7958)
Entity 16: (178,180) (182,183)
Entity 17: (221,222) (242,243) (317,318) (333,334) (722,724) (1211,1212)
Entity 18: (251,252) (763,766)
Entity 19: (330,334) (1196,1198)
Entity 20: (399,406) (593,600)
Entity 21: (459,461) (476,476)
Entity 22: (498,500) (542,545)
Entity 23: (556,556) (562,562) (1735,1735) (1785,1785) (1829,1829) (2123,2123)
Entity 24: (614,616) (736,738)
Entity 25: (624,630) (4171,4176) (4334,4339) (4349,4350)
Entity 26: (675,676) (699,701)
Entity 27: (684,684) (703,703)
Entity 28: (686,686) (705,705) (973,973)
Entity 29: (688,689) (707,708)
Entity 30: (716,720) (751,752)
Entity 31: (717,717) (4357,4357)
Entity 32: (719,719) (4359,4359)
Entity 33: (726,726) (1046,1046) (1292,1295) (1428,1430) (1462,1462) (1485,1485) (2615,2615)
Entity 34: (726,728) (1046,1048)
Entity 35: (741,744) (768,774) (841,848) (903,903) (1015,1018)
Entity 36: (746,747) (1230,1231) (4160,4162) (4773,4774) (5431,5432) (6957,6958) (6979,6981) (7114,7115) (7786,7786) (7911,7911)
Entity 37: (864,866) (1920,1922)
Entity 38: (950,954) (957,957)
Entity 39: (975,975) (2431,2431)
Entity 40: (977,977) (2507,2507)
Entity 41: (1000,1000) (1012,1012)
Entity 42: (1083,1086) (1089,1089) (1111,1111)
Entity 43: (1133,1135) (1158,1160) (1911,1913) (2268,2270) (2294,2296) (3152,3152) (3485,3486) (3489,3490) (4069,4069) (4075,4075) (4146,4148) (4304,4306)
Entity 44: (1200,1202) (1230,1232) (3360,3361) (3913,3913) (4411,4411) (4450,4451) (4766,4766)
Entity 45: (1280,1285) (4205,4208) (4223,4223) (4228,4228) (4268,4269) (4281,4281)
Entity 46: (1330,1333) (1378,1381)
Entity 47: (1333,1333) (1381,1381) (1474,1474) (1514,1514) (1530,1530) (1550,1550) (1600,1600) (3840,3840)
Entity 48: (1373,1375) (1401,1402) (1637,1639)
Entity 49: (1388,1388) (1747,1747) (1766,1766) (1796,1796) (1814,1814) (1889,1889) (1906,1906) (1960,1960) (2055,2055) (2131,2131) (2184,2184) (2197,2197) (2223,2223) (2239,2239) (2242,2242) (2357,2357) (2424,2424) (2435,2435) (2752,2752) (2891,2891) (2914,2914) (2923,2923) (2941,2941) (2958,2958) (3050,3050) (3055,3055) (3099,3099) (3103,3103) (3114,3114) (3121,3121) (3132,3132) (3146,3146) (3165,3165) (3228,3228) (3248,3248) (3286,3286) (3298,3298) (3330,3330) (3333,3333) (3376,3376) (3443,3443) (3475,3475) (3503,3503) (3601,3601) (3609,3609) (3630,3630) (3676,3676) (3685,3685) (3732,3732) (3752,3752) (3757,3757) (3769,3769) (3794,3794) (3814,3814) (3832,3832) (3847,3847) (3870,3870) (3884,3884) (3932,3932) (3987,3987) (4092,4092) (4197,4197) (4248,4248) (4253,4253) (4265,4265) (4273,4273) (4331,4331) (4453,4453) (4472,4472) (4484,4484) (4506,4506) (4519,4519) (4741,4741) (4787,4787) (4816,4816) (4820,4820) (4826,4826) (4863,4863) (4881,4881) (5786,5786) (5976,5976) (5995,5995) (6067,6067) (6208,6208) (6213,6213) (6589,6589) (6646,6646) (7198,7198) (7300,7300) (7460,7460) (7469,7469) (7598,7598) (7629,7629) (7831,7831) (7842,7842) (7861,7861) (7889,7889) (7914,7914) (7972,7972) (7984,7984) (8002,8002) (8067,8067) (8166,8166)
Entity 50: (1406,1416) (1442,1443)
Entity 51: (1457,1462) (1464,1465) (1470,1470)
Entity 52: (1543,1548) (1564,1565)
Entity 53: (1552,1556) (1577,1578)
Entity 54: (1613,1616) (1626,1630)
Entity 55: (1653,1653) (1759,1759) (1764,1764) (1768,1768) (1958,1958) (1974,1974) (2160,2160) (2164,2164) (2179,2179) (2254,2254) (3649,3650) (3654,3654) (3842,3842) (3845,3845) (4928,4928)
Entity 56: (1721,1723) (1726,1726)
Entity 57: (1967,1970) (1977,1977)
Entity 58: (2016,2020) (2022,2022)
Entity 59: (2071,2080) (2097,2100)
Entity 60: (2112,2112) (4550,4550) (4590,4590) (4592,4592) (4599,4599) (4614,4614) (4622,4622) (4627,4627)
Entity 61: (2134,2136) (2140,2140)
Entity 62: (2156,2156) (3077,3077) (3754,3754) (3776,3776)
Entity 63: (2206,2208) (4129,4131)
Entity 64: (2229,2233) (4761,4764)
Entity 65: (2276,2278) (2316,2317)
Entity 66: (2277,2277) (2316,2316) (2364,2365) (3570,3570) (4288,4291)
Entity 67: (2281,2282) (3974,3975) (3977,3977)
Entity 68: (2288,2288) (2298,2298)
Entity 69: (2474,2479) (2655,2657)
Entity 70: (2483,2483) (3389,3389) (3409,3410)
Entity 71: (2513,2513) (2516,2516) (2674,2675)
Entity 72: (2525,2526) (4021,4022)
Entity 73: (2535,2537) (2539,2539)
Entity 74: (2551,2558) (2566,2567)
Entity 75: (2560,2561) (2570,2570) (2607,2608) (2626,2626)
Entity 76: (2572,2576) (2588,2589)
Entity 77: (2578,2579) (2581,2581)
Entity 78: (2620,2622) (2646,2647)
Entity 79: (2667,2668) (2712,2713)
Entity 80: (2683,2688) (2693,2693)
Entity 81: (2756,2756) (2762,2762)
Entity 82: (3027,3028) (3030,3030)
Entity 83: (3057,3059) (3073,3073)
Entity 84: (3123,3127) (3129,3130)
Entity 85: (3148,3153) (3482,3487)
Entity 86: (3151,3153) (3484,3487) (4103,4103)
Entity 87: (3154,3154) (3156,3157) (3226,3227) (3323,3324)
Entity 88: (3184,3186) (3210,3212) (3223,3223) (4510,4510) (5857,5857) (6210,6210) (6405,6405) (7511,7511) (7527,7527) (7565,7565) (7945,7945) (8010,8010) (8135,8135)
Entity 89: (3247,3247) (3347,3347) (4541,4541) (4822,4822) (4867,4867)
Entity 90: (3283,3285) (3405,3407)
Entity 91: (3356,3369) (3381,3382) (3456,3458) (3461,3461)
Entity 92: (3432,3441) (3449,3450)
Entity 93: (3468,3469) (3510,3511)
Entity 94: (3526,3527) (3531,3531)
Entity 95: (3566,3571) (3586,3587)
Entity 96: (3652,3656) (3670,3670)
Entity 97: (3689,3692) (3696,3696)
Entity 98: (3702,3703) (3724,3725)
Entity 99: (3782,3784) (5486,5488) (6184,6186) (6199,6200) (6205,6205) (6466,6467) (6525,6526) (6609,6611) (6636,6637) (6699,6700) (6708,6708) (6964,6965) (7050,7051) (7078,7079) (7576,7577) (7659,7660) (7793,7795) (7922,7924)
Entity 100: (3799,3800) (3805,3805)
Entity 101: (3850,3851) (3859,3859)
Entity 102: (3915,3915) (3918,3920) (4413,4413) (4465,4466) (4495,4497)
Entity 103: (3925,3929) (3935,3935) (3939,3939) (4440,4444) (4487,4491) (4493,4493)
Entity 104: (3928,3929) (4443,4444) (4457,4457) (4490,4491)
Entity 105: (3965,3966) (4377,4378)
Entity 106: (3992,3992) (4006,4012) (4017,4018)
Entity 107: (4044,4045) (4047,4047) (4126,4127)
Entity 108: (4061,4067) (4094,4094) (4143,4151)
Entity 109: (4065,4067) (4086,4088)
Entity 110: (4181,4182) (4185,4185)
Entity 111: (4205,4216) (4218,4218)
Entity 112: (4297,4298) (4316,4318)
Entity 113: (4397,4399) (4512,4513)
Entity 114: (4400,4405) (4415,4417)
Entity 115: (4561,4566) (4573,4573)
Entity 116: (4627,4629) (4631,4631)
Entity 117: (4794,4799) (4801,4802)
Entity 118: (4841,4843) (4845,4845)
Entity 119: (4849,4851) (4855,4855)
Entity 120: (4884,4888) (4943,4946) (5468,5470) (7591,7593)
Entity 121: (4893,4894) (4951,4952) (5694,5695) (5726,5726) (5908,5909) (5928,5929) (5938,5941) (6382,6383) (6387,6390) (6513,6514) (7097,7098) (7100,7100) (7131,7132) (7475,7476) (7498,7499) (7520,7521) (7719,7720) (7809,7810)
Entity 122: (4896,4897) (5934,5935) (6232,6233) (7275,7276)
Entity 123: (4902,4905) (5920,5922) (6248,6250) (6405,6408) (7267,7270) (7278,7281) (8029,8032)
Entity 124: (4908,4924) (6397,6400)
Entity 125: (4939,4946) (5465,5470) (5669,5670)
Entity 126: (4966,4968) (5036,5038) (5890,5893) (5999,6002) (6012,6015) (6432,6435) (6443,6446) (6573,6576) (6653,6655) (6731,6732) (6908,6911) (6922,6923) (7013,7014) (7090,7091) (7148,7149) (7290,7293) (7537,7539) (8206,8210)
Entity 127: (4978,4978) (4993,4993) (5059,5059) (5070,5070) (5116,5117) (5307,5308) (5591,5592) (6620,6625) (6632,6633) (7312,7312) (7314,7314)
Entity 128: (5015,5016) (5024,5025) (5186,5187) (5246,5247) (5376,5377) (5443,5444)
Entity 129: (5208,5219) (5226,5226)
Entity 130: (5264,5266) (5270,5270) (7369,7370) (7374,7375)
Entity 131: (5431,5433) (7441,7443)
Entity 132: (5525,5527) (5529,5529)
Entity 133: (5703,5704) (5733,5734)
Entity 134: (5736,5737) (5750,5751)
Entity 135: (5768,5774) (5781,5781) (5797,5797)
Entity 136: (5854,5855) (6235,6236) (6518,6519) (6679,6680)
Entity 137: (5864,5865) (6029,6030) (6413,6414) (6416,6416) (6421,6421)
Entity 138: (5872,5876) (5881,5881)
Entity 139: (5899,5900) (5902,5902)
Entity 140: (5916,5922) (5924,5924)
Entity 141: (6135,6136) (6149,6149)
Entity 142: (6238,6238) (6264,6264) (6277,6277)
Entity 143: (6282,6282) (6285,6285) (6291,6291)
Entity 144: (6298,6299) (6658,6658) (6878,6878) (8358,8359) (8369,8369)
Entity 145: (6319,6322) (7204,7208) (7214,7214)
Entity 146: (6326,6330) (6332,6332) (6353,6353)
Entity 147: (6339,6341) (7204,7205)
Entity 148: (6449,6453) (6455,6455)
Entity 149: (6487,6488) (6507,6507)
Entity 150: (6541,6542) (7980,7981)
Entity 151: (6603,6604) (6639,6640)
Entity 152: (6672,6673) (6672,6673) (7183,7185) (7339,7340) (7431,7433) (7446,7446) (7550,7552) (7754,7756) (7868,7870) (7879,7879)
Entity 153: (6785,6787) (6806,6806) (6808,6808) (6842,6844) (6851,6851) (6869,6869)
Entity 154: (6886,6891) (6894,6894)
Entity 155: (6919,6923) (6941,6941)
Entity 156: (7027,7034) (7041,7042)
Entity 157: (7062,7063) (7067,7067)
Entity 158: (7179,7193) (7195,7195)
Entity 159: (7220,7226) (7228,7228)
Entity 160: (7296,7298) (7463,7464)
Entity 161: (7385,7391) (7393,7393)
Entity 162: (7546,7552) (7554,7554)
Entity 163: (7567,7572) (7586,7586) (7634,7634)
Entity 164: (7690,7695) (7697,7697)
Entity 165: (7713,7716) (7734,7734)
Entity 166: (7759,7762) (7764,7764)
Entity 167: (7820,7829) (7833,7834) (7845,7846)
Entity 168: (7948,7955) (7964,7964)
Entity 169: (8023,8024) (8119,8120)
Entity 170: (8053,8065) (8138,8139)
Entity 171: (8053,8054) (8124,8125)
Entity 172: (8061,8065) (8129,8133)
Entity 173: (8071,8073) (8082,8083)
Entity 174: (8148,8148) (8158,8158)
Entity 175: (8170,8175) (8176,8176)
Entity 176: (8188,8195) (8218,8219) (8234,8235)
Entity 177: (8243,8248) (8251,8251)
Entity 178: (8253,8256) (8260,8261) (8265,8265) (8285,8285)
Entity 179: (8306,8306) (8321,8322)
====> (english); part 000:
File (english); part 000:
Entity 0: (3,3) (36,36)
Entity 1: (19,24) (53,54) (124,126) (141,141)
Entity 2: (26,26) (42,42)
Entity 3: (85,87) (131,134) (171,172) (189,189) (261,263) (407,408) (445,447) (472,473) (502,503) (505,505) (509,509) (513,513) (625,627) (636,637) (645,647) (670,671) (682,685) (754,755) (777,777) (837,839) (870,872) (938,939) (963,963) (1048,1049) (1078,1078) (1176,1177) (1302,1303) (1541,1543) (1571,1572) (1570,1572) (1618,1620) (1707,1708) (2295,2296) (2359,2360) (2369,2369) (2388,2388) (3324,3326) (3481,3483) (3796,3798) (3919,3922) (3930,3932) (3930,3942) (4064,4066) (4114,4115) (4367,4369) (4450,4451) (4574,4575) (4698,4700) (4795,4797) (4807,4807) (4843,4844) (5023,5025) (5862,5863) (5905,5906) (5950,5951) (6052,6054) (6093,6094) (6151,6152) (6265,6266) (6272,6273) (6487,6488) (6506,6507) (6595,6596) (6663,6663) (6704,6705) (6721,6721) (6896,6896) (6915,6916) (6957,6958) (6968,6968) (6979,6980) (6986,6986) (6993,6993) (7561,7561) (7613,7614) (7628,7629) (7666,7667) (7686,7687) (7699,7699) (7769,7770) (8048,8049) (8065,8065) (8071,8071)
Entity 4: (92,92) (113,113)
Entity 5: (175,177) (1738,1740)
Entity 6: (175,176) (1738,1739) (1874,1875) (3296,3296) (3396,3396) (4601,4601) (4883,4883) (4928,4928)
Entity 7: (224,227) (247,250) (344,347) (1239,1242)
Entity 8: (258,259) (790,790) (1286,1287)
Entity 9: (297,300) (372,375) (946,949)
Entity 10: (328,329) (382,384)
Entity 11: (341,347) (1068,1069)
Entity 12: (431,431) (499,499) (550,550) (596,596)
Entity 13: (442,442) (458,458) (523,523) (587,587)
Entity 14: (476,478) (493,493)
Entity 15: (682,687) (888,890) (945,951) (1228,1230) (1260,1262) (1276,1276) (1626,1629) (1954,1956) (1996,1998) (3416,3418) (3762,3764) (4124,4126) (4128,4128) (4194,4196)
Entity 16: (706,706) (725,725)
Entity 17: (708,708) (727,727) (999,999)
Entity 18: (708,711) (727,730) (734,735)
Entity 19: (710,711) (729,730)
Entity 20: (784,784) (989,989)
Entity 21: (958,959) (979,980)
Entity 22: (976,980) (983,983)
Entity 23: (1001,1001) (2467,2467)
Entity 24: (1003,1003) (2543,2543)
Entity 25: (1012,1014) (1161,1163) (1186,1188) (1945,1947) (2304,2306) (2330,2332) (3837,3840) (4205,4207) (4363,4365) (5570,5572) (6275,6277) (6290,6291) (6296,6296) (6304,6304) (6409,6411) (6562,6563) (6622,6624) (6707,6709) (6734,6735) (6798,6799) (6807,6807) (7062,7064) (7149,7150) (7682,7683) (7766,7767) (7900,7902) (8028,8030)
Entity 26: (1074,1074) (1491,1492) (1515,1516) (2651,2652)
Entity 27: (1111,1114) (1117,1117)
Entity 28: (1111,1119) (1139,1139)
Entity 29: (1197,1197) (1298,1298) (1347,1347) (1368,1368)
Entity 30: (1233,1242) (1608,1609)
Entity 31: (1322,1325) (1457,1460)
Entity 32: (1363,1363) (1411,1411) (1504,1505) (1545,1545) (1561,1561) (1581,1581) (1632,1632)
Entity 33: (1403,1405) (1431,1432) (1669,1671)
Entity 34: (1414,1414) (1428,1428)
Entity 35: (1439,1446) (1472,1473)
Entity 36: (1444,1446) (2023,2023)
Entity 37: (1483,1485) (1523,1525)
Entity 38: (1487,1496) (1500,1500)
Entity 39: (1640,1640) (1725,1725) (1778,1778)
Entity 40: (1645,1646) (1760,1761)
Entity 41: (1697,1699) (2432,2433)
Entity 42: (1780,1780) (1799,1799) (1829,1829) (1847,1847)
Entity 43: (1891,1893) (2032,2033) (2561,2562) (4079,4080)
Entity 44: (1994,1994) (2091,2091) (2097,2097)
Entity 45: (2107,2116) (2133,2136)
Entity 46: (2200,2200) (2215,2215) (2224,2224) (2250,2250) (2290,2290)
Entity 47: (2220,2220) (2233,2233) (2241,2241) (2259,2259) (2275,2275) (2293,2293) (2371,2371) (2391,2391) (2393,2393)
Entity 48: (2242,2244) (4188,4190)
Entity 49: (2313,2313) (2352,2352) (3625,3625)
Entity 50: (2317,2318) (4246,4247)
Entity 51: (2481,2481) (2495,2495) (2502,2502)
Entity 52: (2519,2519) (3438,3438) (3458,3459)
Entity 53: (2545,2546) (2552,2552)
Entity 54: (2564,2567) (2576,2576)
Entity 55: (2603,2604) (2607,2607) (2702,2703)
Entity 56: (2633,2642) (2689,2690) (2780,2781)
Entity 57: (2644,2652) (2663,2663)
Entity 58: (2679,2679) (2718,2718)
Entity 59: (2920,2920) (2924,2924)
Entity 60: (2988,2988) (3007,3007)
Entity 61: (3148,3148) (3152,3152) (3163,3163) (3170,3170) (3181,3181)
Entity 62: (3195,3195) (3214,3214) (3277,3277) (3297,3297) (3335,3335) (3347,3347)
Entity 63: (3205,3206) (3275,3276) (3372,3373)
Entity 64: (3233,3235) (3259,3261) (4570,4570) (5946,5946) (6301,6301) (7616,7616) (7632,7633) (7671,7671) (8051,8052) (8118,8118) (8252,8252)
Entity 65: (3251,3251) (3364,3364) (3369,3369) (3520,3520)
Entity 66: (3255,3261) (3272,3272)
Entity 67: (3307,3307) (3300,3329)
Entity 68: (3332,3334) (3454,3456)
Entity 69: (3379,3379) (3382,3382) (3524,3524)
Entity 70: (3405,3419) (3430,3431)
Entity 71: (3505,3506) (3510,3510)
Entity 72: (3517,3518) (3561,3562)
Entity 73: (3579,3580) (3584,3584)
Entity 74: (3602,3603) (5520,5521)
Entity 75: (3656,3656) (3685,3685)
Entity 76: (3695,3696) (4002,4003) (4005,4005) (4013,4013) (4025,4025) (4035,4035) (4045,4045) (4096,4096) (4106,4106) (4178,4178) (4249,4249) (4298,4298) (4381,4381) (4410,4410) (4425,4425) (4431,4431) (4441,4441) (4447,4447) (4453,4454) (4486,4486) (4559,4559) (4612,4612) (4785,4785) (4791,4791)
Entity 77: (3698,3698) (3859,3859) (3898,3898) (3901,3901)
Entity 78: (3704,3705) (3709,3709)
Entity 79: (3731,3731) (3740,3740)
Entity 80: (3747,3747) (3751,3751)
Entity 81: (3813,3813) (3825,3825) (3850,3850) (3870,3870) (3888,3888) (3903,3903) (3909,3909) (3927,3927)
Entity 82: (3848,3849) (4482,4484)
Entity 83: (3906,3907) (3915,3915)
Entity 84: (3975,3977) (3996,3996) (5097,5098) (5106,5107) (5460,5461) (5527,5528)
Entity 85: (3985,3986) (4550,4551)
Entity 86: (4102,4103) (4185,4186)
Entity 87: (4120,4126) (5552,5554)
Entity 88: (4132,4133) (4134,4134)
Entity 89: (4151,4151) (4194,4194) (4256,4256) (4312,4312) (4324,4324) (4332,4332)
Entity 90: (4202,4210) (5754,5755)
Entity 91: (4259,4261) (4271,4271)
Entity 92: (4264,4267) (4282,4282) (4287,4287) (4327,4328) (4340,4340)
Entity 93: (4363,4369) (4390,4390) (4396,4396)
Entity 94: (4435,4439) (4444,4444)
Entity 95: (4460,4465) (4475,4477)
Entity 96: (4500,4511) (4547,4548) (4553,4553)
Entity 97: (4503,4511) (4517,4517)
Entity 98: (4513,4513) (4544,4544) (4566,4566) (4579,4579)
Entity 99: (4610,4610) (4650,4650)
Entity 100: (4645,4645) (4652,4652) (4659,4659) (4674,4674) (4683,4683) (4688,4688)
Entity 101: (4764,4767) (4770,4770)
Entity 102: (4877,4877) (4881,4881)
Entity 103: (4904,4904) (4906,4906)
Entity 104: (4910,4912) (4916,4916)
Entity 105: (4956,4965) (5032,5033) (5779,5780) (5815,5815) (5997,5998) (6013,6013) (6017,6018) (6477,6478) (6611,6612) (7580,7581) (7603,7604) (7625,7626) (7715,7716) (7826,7827) (7914,7915)
Entity 106: (4964,4965) (6023,6024) (6323,6324) (7379,7380)
Entity 107: (4985,4988) (5979,5982) (6088,6091) (6103,6106) (6528,6531) (6539,6542) (6751,6753) (7007,7010) (7394,7397) (7642,7645)
Entity 108: (5029,5029) (5056,5056)
Entity 109: (5141,5141) (5152,5152)
Entity 110: (5173,5173) (5198,5199)
Entity 111: (5187,5191) (5490,5494)
Entity 112: (5203,5209) (5238,5238)
Entity 113: (5348,5350) (5354,5354)
Entity 114: (5496,5497) (5508,5508)
Entity 115: (5788,5791) (5822,5823)
Entity 116: (5851,5857) (5870,5870) (5886,5886)
Entity 117: (5943,5944) (6326,6327) (6616,6617) (6777,6779)
Entity 118: (5950,5954) (7600,7604)
Entity 119: (5953,5954) (7730,7731)
Entity 120: (5984,5984) (5988,5988) (6000,6000) (6114,6114) (6192,6192)
Entity 121: (5987,5989) (5991,5991)
Entity 122: (6027,6030) (6032,6032)
Entity 123: (6226,6227) (6240,6240) (6393,6394)
Entity 124: (6238,6238) (6245,6245) (6251,6251)
Entity 125: (6272,6277) (6704,6709)
Entity 126: (6351,6351) (6356,6356) (6409,6409) (6446,6446) (6609,6609) (6614,6614)
Entity 127: (6359,6359) (6372,6372) (6380,6380) (6386,6386)
Entity 128: (6427,6427) (6448,6448)
Entity 129: (6438,6443) (6450,6450)
Entity 130: (6506,6512) (6517,6517)
Entity 131: (6639,6640) (8087,8089)
Entity 132: (6718,6723) (6730,6731)
Entity 133: (6770,6771) (7282,7284) (7444,7445)
Entity 134: (6830,6831) (7021,7022) (7189,7190) (7247,7248)
Entity 135: (6870,6870) (6880,6880) (6932,6932) (7012,7012) (7031,7031) (7096,7096) (7181,7181) (7192,7192) (7353,7353)
Entity 136: (6884,6886) (6905,6905) (6907,6907) (6941,6943) (6950,6950)
Entity 137: (7078,7080) (7213,7214) (8015,8017)
Entity 138: (7090,7091) (7094,7095)
Entity 139: (7161,7162) (7166,7166)
Entity 140: (7196,7214) (7230,7231)
Entity 141: (7305,7310) (7318,7318)
Entity 142: (7371,7374) (7382,7385) (8142,8145)
Entity 143: (7376,7397) (7408,7410) (7447,7449) (7485,7487) (7525,7527)
Entity 144: (7400,7406) (7568,7569)
Entity 145: (7413,7416) (7432,7433) (7950,7951)
Entity 146: (7468,7471) (7479,7480)
Entity 147: (7536,7538) (7551,7551) (7656,7658) (7973,7975) (7984,7984)
Entity 148: (7565,7565) (7574,7574)
Entity 149: (7583,7588) (7596,7596)
Entity 150: (7704,7704) (7735,7735)
Entity 151: (7820,7827) (7841,7841)
Entity 152: (7936,7936) (7947,7947) (7966,7966) (7994,7994) (8020,8020) (8079,8079) (8092,8092) (8110,8110) (8182,8182)
Entity 153: (8105,8106) (8213,8214)
Entity 154: (8115,8116) (8166,8167) (8239,8240)
Entity 155: (8136,8137) (8234,8235) (8258,8258)
Entity 156: (8154,8155) (8158,8158) (8160,8160) (8191,8191) (8216,8216) (8262,8263)
Entity 157: (8180,8180) (8250,8250)
Entity 158: (8186,8188) (8197,8198)
Entity 159: (8305,8312) (8335,8336)
Entity 160: (8351,8352) (8368,8368)
Entity 161: (8375,8378) (8382,8382) (8402,8402)
Entity 162: (8428,8428) (8438,8438)
Entity 163: (8477,8477) (8475,8477) (8486,8486)
(english); part 000:
Repeated mention in the key: 6672, 6673 798799
Total key mentions: 870
Total response mentions: 638
Strictly correct identified mentions: 29
Partially correct identified mentions: 0
No identified: 841
Invented: 610
Recall: (1 / 691) 0.14%	Precision: (1 / 474) 0.21%	F1: 0.17%
--------------------------------------------------------------------------

====== TOTALS =======
Identification of Mentions: Recall: (29 / 870) 3.33%	Precision: (29 / 638) 4.54%	F1: 3.84%
--------------------------------------------------------------------------
Coreference: Recall: (1 / 691) 0.14%	Precision: (1 / 474) 0.21%	F1: 0.17%
--------------------------------------------------------------------------

METRIC bcub:
====> (english); part 000:
File (english); part 000:
Entity 0: (0,1) (1650,1651) (2471,2472) (2718,2719) (3138,3139) (3640,3641) (3945,3946) (4393,4394) (4925,4926) (5931,5932) (6437,6438) (6883,6884) (7246,7247) (7478,7479) (7491,7491) (7643,7643) (7809,7809) (7838,7838) (8041,8042) (8145,8146)
Entity 1: (3,3) (1655,1655) (2721,2721) (3141,3141) (4930,4930) (7481,7481) (7857,7857)
Entity 2: (5,5) (1657,1657) (2723,2723) (3143,3143) (4932,4932) (7483,7483) (7859,7859)
Entity 3: (11,24) (36,36)
Entity 4: (23,24) (203,204) (405,406) (1572,1573) (1596,1597)
Entity 5: (26,26) (42,42) (1317,1317) (1608,1608) (1745,1745) (2188,2188) (2214,2214) (3202,3202) (3315,3315) (3320,3320) (3471,3471) (3643,3643) (3803,3803) (3948,3948) (3956,3956) (3968,3968) (3978,3978) (4038,4038) (4048,4048) (4119,4119) (4190,4190) (4239,4239) (4322,4322) (4366,4366) (4372,4372) (4381,4381) (4387,4387) (4499,4499) (4552,4552) (4724,4724) (4730,4730) (4948,4948) (5895,5895) (5899,5899) (5911,5911) (6023,6023) (6101,6101) (6256,6256) (6261,6261) (6314,6314) (6511,6511) (6516,6516) (6675,6675) (6771,6771) (6781,6781) (6833,6833) (6913,6913) (6932,6932) (6997,6997) (7082,7082) (7093,7093) (7249,7249) (7485,7485) (7740,7740) (8045,8045) (8047,8047) (8076,8076) (8101,8101)
Entity 6: (53,54) (123,125) (139,139) (1040,1041) (4212,4212)
Entity 7: (66,68) (1963,1964) (3367,3369) (3707,3709) (3910,3911) (4105,4107) (4135,4137) (4409,4409) (4447,4448)
Entity 8: (84,86) (130,132) (254,256) (341,341) (428,430) (608,609) (627,628) (663,665) (846,848) (1510,1512) (1539,1541) (1587,1589) (1675,1676) (3275,3277) (3432,3434) (3741,3742) (3863,3865) (3873,3875) (4308,4310) (4638,4639) (4734,4736) (4746,4746) (4782,4783) (5773,5774) (5816,5817) (5963,5965) (6060,6061) (6174,6175) (6499,6500) (6797,6797) (6816,6817) (6880,6881)
Entity 9: (91,91) (112,112) (121,121) (252,252) (426,426) (441,441) (452,452) (471,472) (570,570) (760,760) (858,858) (963,963) (998,998)
Entity 10: (130,133) (173,174) (1706,1707) (1841,1842) (2055,2057) (3863,3866)
Entity 11: (135,135) (415,415) (482,482) (579,579) (876,876) (898,898) (2089,2089)
Entity 12: (150,154) (1661,1667) (4607,4611)
Entity 13: (153,154) (3251,3252) (3258,3258) (3880,3881) (4696,4697) (4709,4709) (4718,4720)
Entity 14: (157,158) (1188,1191)
Entity 15: (169,170) (391,392) (455,456) (485,486) (488,488) (492,492) (496,496) (618,619) (651,652) (730,731) (914,915) (1020,1021) (1148,1149) (1272,1273) (1384,1384) (1398,1398) (2259,2260) (2323,2324) (2333,2333) (2352,2352) (4055,4056) (4390,4391) (4514,4515) (4908,4909) (4943,4944) (5861,5862) (6004,6005) (6181,6182) (6392,6393) (6410,6411) (6606,6607) (6858,6859) (6886,6887) (7495,7496) (7508,7509) (7523,7524) (7560,7561) (7580,7581) (7662,7663) (7942,7943) (7958,7958)
Entity 16: (178,180) (182,183)
Entity 17: (221,222) (242,243) (317,318) (333,334) (722,724) (1211,1212)
Entity 18: (251,252) (763,766)
Entity 19: (330,334) (1196,1198)
Entity 20: (399,406) (593,600)
Entity 21: (459,461) (476,476)
Entity 22: (498,500) (542,545)
Entity 23: (556,556) (562,562) (1735,1735) (1785,1785) (1829,1829) (2123,2123)
Entity 24: (614,616) (736,738)
Entity 25: (624,630) (4171,4176) (4334,4339) (4349,4350)
Entity 26: (675,676) (699,701)
Entity 27: (684,684) (703,703)
Entity 28: (686,686) (705,705) (973,973)
Entity 29: (688,689) (707,708)
Entity 30: (716,720) (751,752)
Entity 31: (717,717) (4357,4357)
Entity 32: (719,719) (4359,4359)
Entity 33: (726,726) (1046,1046) (1292,1295) (1428,1430) (1462,1462) (1485,1485) (2615,2615)
Entity 34: (726,728) (1046,1048)
Entity 35: (741,744) (768,774) (841,848) (903,903) (1015,1018)
Entity 36: (746,747) (1230,1231) (4160,4162) (4773,4774) (5431,5432) (6957,6958) (6979,6981) (7114,7115) (7786,7786) (7911,7911)
Entity 37: (864,866) (1920,1922)
Entity 38: (950,954) (957,957)
Entity 39: (975,975) (2431,2431)
Entity 40: (977,977) (2507,2507)
Entity 41: (1000,1000) (1012,1012)
Entity 42: (1083,1086) (1089,1089) (1111,1111)
Entity 43: (1133,1135) (1158,1160) (1911,1913) (2268,2270) (2294,2296) (3152,3152) (3485,3486) (3489,3490) (4069,4069) (4075,4075) (4146,4148) (4304,4306)
Entity 44: (1200,1202) (1230,1232) (3360,3361) (3913,3913) (4411,4411) (4450,4451) (4766,4766)
Entity 45: (1280,1285) (4205,4208) (4223,4223) (4228,4228) (4268,4269) (4281,4281)
Entity 46: (1330,1333) (1378,1381)
Entity 47: (1333,1333) (1381,1381) (1474,1474) (1514,1514) (1530,1530) (1550,1550) (1600,1600) (3840,3840)
Entity 48: (1373,1375) (1401,1402) (1637,1639)
Entity 49: (1388,1388) (1747,1747) (1766,1766) (1796,1796) (1814,1814) (1889,1889) (1906,1906) (1960,1960) (2055,2055) (2131,2131) (2184,2184) (2197,2197) (2223,2223) (2239,2239) (2242,2242) (2357,2357) (2424,2424) (2435,2435) (2752,2752) (2891,2891) (2914,2914) (2923,2923) (2941,2941) (2958,2958) (3050,3050) (3055,3055) (3099,3099) (3103,3103) (3114,3114) (3121,3121) (3132,3132) (3146,3146) (3165,3165) (3228,3228) (3248,3248) (3286,3286) (3298,3298) (3330,3330) (3333,3333) (3376,3376) (3443,3443) (3475,3475) (3503,3503) (3601,3601) (3609,3609) (3630,3630) (3676,3676) (3685,3685) (3732,3732) (3752,3752) (3757,3757) (3769,3769) (3794,3794) (3814,3814) (3832,3832) (3847,3847) (3870,3870) (3884,3884) (3932,3932) (3987,3987) (4092,4092) (4197,4197) (4248,4248) (4253,4253) (4265,4265) (4273,4273) (4331,4331) (4453,4453) (4472,4472) (4484,4484) (4506,4506) (4519,4519) (4741,4741) (4787,4787) (4816,4816) (4820,4820) (4826,4826) (4863,4863) (4881,4881) (5786,5786) (5976,5976) (5995,5995) (6067,6067) (6208,6208) (6213,6213) (6589,6589) (6646,6646) (7198,7198) (7300,7300) (7460,7460) (7469,7469) (7598,7598) (7629,7629) (7831,7831) (7842,7842) (7861,7861) (7889,7889) (7914,7914) (7972,7972) (7984,7984) (8002,8002) (8067,8067) (8166,8166)
Entity 50: (1406,1416) (1442,1443)
Entity 51: (1457,1462) (1464,1465) (1470,1470)
Entity 52: (1543,1548) (1564,1565)
Entity 53: (1552,1556) (1577,1578)
Entity 54: (1613,1616) (1626,1630)
Entity 55: (1653,1653) (1759,1759) (1764,1764) (1768,1768) (1958,1958) (1974,1974) (2160,2160) (2164,2164) (2179,2179) (2254,2254) (3649,3650) (3654,3654) (3842,3842) (3845,3845) (4928,4928)
Entity 56: (1721,1723) (1726,1726)
Entity 57: (1967,1970) (1977,1977)
Entity 58: (2016,2020) (2022,2022)
Entity 59: (2071,2080) (2097,2100)
Entity 60: (2112,2112) (4550,4550) (4590,4590) (4592,4592) (4599,4599) (4614,4614) (4622,4622) (4627,4627)
Entity 61: (2134,2136) (2140,2140)
Entity 62: (2156,2156) (3077,3077) (3754,3754) (3776,3776)
Entity 63: (2206,2208) (4129,4131)
Entity 64: (2229,2233) (4761,4764)
Entity 65: (2276,2278) (2316,2317)
Entity 66: (2277,2277) (2316,2316) (2364,2365) (3570,3570) (4288,4291)
Entity 67: (2281,2282) (3974,3975) (3977,3977)
Entity 68: (2288,2288) (2298,2298)
Entity 69: (2474,2479) (2655,2657)
Entity 70: (2483,2483) (3389,3389) (3409,3410)
Entity 71: (2513,2513) (2516,2516) (2674,2675)
Entity 72: (2525,2526) (4021,4022)
Entity 73: (2535,2537) (2539,2539)
Entity 74: (2551,2558) (2566,2567)
Entity 75: (2560,2561) (2570,2570) (2607,2608) (2626,2626)
Entity 76: (2572,2576) (2588,2589)
Entity 77: (2578,2579) (2581,2581)
Entity 78: (2620,2622) (2646,2647)
Entity 79: (2667,2668) (2712,2713)
Entity 80: (2683,2688) (2693,2693)
Entity 81: (2756,2756) (2762,2762)
Entity 82: (3027,3028) (3030,3030)
Entity 83: (3057,3059) (3073,3073)
Entity 84: (3123,3127) (3129,3130)
Entity 85: (3148,3153) (3482,3487)
Entity 86: (3151,3153) (3484,3487) (4103,4103)
Entity 87: (3154,3154) (3156,3157) (3226,3227) (3323,3324)
Entity 88: (3184,3186) (3210,3212) (3223,3223) (4510,4510) (5857,5857) (6210,6210) (6405,6405) (7511,7511) (7527,7527) (7565,7565) (7945,7945) (8010,8010) (8135,8135)
Entity 89: (3247,3247) (3347,3347) (4541,4541) (4822,4822) (4867,4867)
Entity 90: (3283,3285) (3405,3407)
Entity 91: (3356,3369) (3381,3382) (3456,3458) (3461,3461)
Entity 92: (3432,3441) (3449,3450)
Entity 93: (3468,3469) (3510,3511)
Entity 94: (3526,3527) (3531,3531)
Entity 95: (3566,3571) (3586,3587)
Entity 96: (3652,3656) (3670,3670)
Entity 97: (3689,3692) (3696,3696)
Entity 98: (3702,3703) (3724,3725)
Entity 99: (3782,3784) (5486,5488) (6184,6186) (6199,6200) (6205,6205) (6466,6467) (6525,6526) (6609,6611) (6636,6637) (6699,6700) (6708,6708) (6964,6965) (7050,7051) (7078,7079) (7576,7577) (7659,7660) (7793,7795) (7922,7924)
Entity 100: (3799,3800) (3805,3805)
Entity 101: (3850,3851) (3859,3859)
Entity 102: (3915,3915) (3918,3920) (4413,4413) (4465,4466) (4495,4497)
Entity 103: (3925,3929) (3935,3935) (3939,3939) (4440,4444) (4487,4491) (4493,4493)
Entity 104: (3928,3929) (4443,4444) (4457,4457) (4490,4491)
Entity 105: (3965,3966) (4377,4378)
Entity 106: (3992,3992) (4006,4012) (4017,4018)
Entity 107: (4044,4045) (4047,4047) (4126,4127)
Entity 108: (4061,4067) (4094,4094) (4143,4151)
Entity 109: (4065,4067) (4086,4088)
Entity 110: (4181,4182) (4185,4185)
Entity 111: (4205,4216) (4218,4218)
Entity 112: (4297,4298) (4316,4318)
Entity 113: (4397,4399) (4512,4513)
Entity 114: (4400,4405) (4415,4417)
Entity 115: (4561,4566) (4573,4573)
Entity 116: (4627,4629) (4631,4631)
Entity 117: (4794,4799) (4801,4802)
Entity 118: (4841,4843) (4845,4845)
Entity 119: (4849,4851) (4855,4855)
Entity 120: (4884,4888) (4943,4946) (5468,5470) (7591,7593)
Entity 121: (4893,4894) (4951,4952) (5694,5695) (5726,5726) (5908,5909) (5928,5929) (5938,5941) (6382,6383) (6387,6390) (6513,6514) (7097,7098) (7100,7100) (7131,7132) (7475,7476) (7498,7499) (7520,7521) (7719,7720) (7809,7810)
Entity 122: (4896,4897) (5934,5935) (6232,6233) (7275,7276)
Entity 123: (4902,4905) (5920,5922) (6248,6250) (6405,6408) (7267,7270) (7278,7281) (8029,8032)
Entity 124: (4908,4924) (6397,6400)
Entity 125: (4939,4946) (5465,5470) (5669,5670)
Entity 126: (4966,4968) (5036,5038) (5890,5893) (5999,6002) (6012,6015) (6432,6435) (6443,6446) (6573,6576) (6653,6655) (6731,6732) (6908,6911) (6922,6923) (7013,7014) (7090,7091) (7148,7149) (7290,7293) (7537,7539) (8206,8210)
Entity 127: (4978,4978) (4993,4993) (5059,5059) (5070,5070) (5116,5117) (5307,5308) (5591,5592) (6620,6625) (6632,6633) (7312,7312) (7314,7314)
Entity 128: (5015,5016) (5024,5025) (5186,5187) (5246,5247) (5376,5377) (5443,5444)
Entity 129: (5208,5219) (5226,5226)
Entity 130: (5264,5266) (5270,5270) (7369,7370) (7374,7375)
Entity 131: (5431,5433) (7441,7443)
Entity 132: (5525,5527) (5529,5529)
Entity 133: (5703,5704) (5733,5734)
Entity 134: (5736,5737) (5750,5751)
Entity 135: (5768,5774) (5781,5781) (5797,5797)
Entity 136: (5854,5855) (6235,6236) (6518,6519) (6679,6680)
Entity 137: (5864,5865) (6029,6030) (6413,6414) (6416,6416) (6421,6421)
Entity 138: (5872,5876) (5881,5881)
Entity 139: (5899,5900) (5902,5902)
Entity 140: (5916,5922) (5924,5924)
Entity 141: (6135,6136) (6149,6149)
Entity 142: (6238,6238) (6264,6264) (6277,6277)
Entity 143: (6282,6282) (6285,6285) (6291,6291)
Entity 144: (6298,6299) (6658,6658) (6878,6878) (8358,8359) (8369,8369)
Entity 145: (6319,6322) (7204,7208) (7214,7214)
Entity 146: (6326,6330) (6332,6332) (6353,6353)
Entity 147: (6339,6341) (7204,7205)
Entity 148: (6449,6453) (6455,6455)
Entity 149: (6487,6488) (6507,6507)
Entity 150: (6541,6542) (7980,7981)
Entity 151: (6603,6604) (6639,6640)
Entity 152: (6672,6673) (6672,6673) (7183,7185) (7339,7340) (7431,7433) (7446,7446) (7550,7552) (7754,7756) (7868,7870) (7879,7879)
Entity 153: (6785,6787) (6806,6806) (6808,6808) (6842,6844) (6851,6851) (6869,6869)
Entity 154: (6886,6891) (6894,6894)
Entity 155: (6919,6923) (6941,6941)
Entity 156: (7027,7034) (7041,7042)
Entity 157: (7062,7063) (7067,7067)
Entity 158: (7179,7193) (7195,7195)
Entity 159: (7220,7226) (7228,7228)
Entity 160: (7296,7298) (7463,7464)
Entity 161: (7385,7391) (7393,7393)
Entity 162: (7546,7552) (7554,7554)
Entity 163: (7567,7572) (7586,7586) (7634,7634)
Entity 164: (7690,7695) (7697,7697)
Entity 165: (7713,7716) (7734,7734)
Entity 166: (7759,7762) (7764,7764)
Entity 167: (7820,7829) (7833,7834) (7845,7846)
Entity 168: (7948,7955) (7964,7964)
Entity 169: (8023,8024) (8119,8120)
Entity 170: (8053,8065) (8138,8139)
Entity 171: (8053,8054) (8124,8125)
Entity 172: (8061,8065) (8129,8133)
Entity 173: (8071,8073) (8082,8083)
Entity 174: (8148,8148) (8158,8158)
Entity 175: (8170,8175) (8176,8176)
Entity 176: (8188,8195) (8218,8219) (8234,8235)
Entity 177: (8243,8248) (8251,8251)
Entity 178: (8253,8256) (8260,8261) (8265,8265) (8285,8285)
Entity 179: (8306,8306) (8321,8322)
====> (english); part 000:
File (english); part 000:
Entity 0: (3,3) (36,36)
Entity 1: (19,24) (53,54) (124,126) (141,141)
Entity 2: (26,26) (42,42)
Entity 3: (85,87) (131,134) (171,172) (189,189) (261,263) (407,408) (445,447) (472,473) (502,503) (505,505) (509,509) (513,513) (625,627) (636,637) (645,647) (670,671) (682,685) (754,755) (777,777) (837,839) (870,872) (938,939) (963,963) (1048,1049) (1078,1078) (1176,1177) (1302,1303) (1541,1543) (1571,1572) (1570,1572) (1618,1620) (1707,1708) (2295,2296) (2359,2360) (2369,2369) (2388,2388) (3324,3326) (3481,3483) (3796,3798) (3919,3922) (3930,3932) (3930,3942) (4064,4066) (4114,4115) (4367,4369) (4450,4451) (4574,4575) (4698,4700) (4795,4797) (4807,4807) (4843,4844) (5023,5025) (5862,5863) (5905,5906) (5950,5951) (6052,6054) (6093,6094) (6151,6152) (6265,6266) (6272,6273) (6487,6488) (6506,6507) (6595,6596) (6663,6663) (6704,6705) (6721,6721) (6896,6896) (6915,6916) (6957,6958) (6968,6968) (6979,6980) (6986,6986) (6993,6993) (7561,7561) (7613,7614) (7628,7629) (7666,7667) (7686,7687) (7699,7699) (7769,7770) (8048,8049) (8065,8065) (8071,8071)
Entity 4: (92,92) (113,113)
Entity 5: (175,177) (1738,1740)
Entity 6: (175,176) (1738,1739) (1874,1875) (3296,3296) (3396,3396) (4601,4601) (4883,4883) (4928,4928)
Entity 7: (224,227) (247,250) (344,347) (1239,1242)
Entity 8: (258,259) (790,790) (1286,1287)
Entity 9: (297,300) (372,375) (946,949)
Entity 10: (328,329) (382,384)
Entity 11: (341,347) (1068,1069)
Entity 12: (431,431) (499,499) (550,550) (596,596)
Entity 13: (442,442) (458,458) (523,523) (587,587)
Entity 14: (476,478) (493,493)
Entity 15: (682,687) (888,890) (945,951) (1228,1230) (1260,1262) (1276,1276) (1626,1629) (1954,1956) (1996,1998) (3416,3418) (3762,3764) (4124,4126) (4128,4128) (4194,4196)
Entity 16: (706,706) (725,725)
Entity 17: (708,708) (727,727) (999,999)
Entity 18: (708,711) (727,730) (734,735)
Entity 19: (710,711) (729,730)
Entity 20: (784,784) (989,989)
Entity 21: (958,959) (979,980)
Entity 22: (976,980) (983,983)
Entity 23: (1001,1001) (2467,2467)
Entity 24: (1003,1003) (2543,2543)
Entity 25: (1012,1014) (1161,1163) (1186,1188) (1945,1947) (2304,2306) (2330,2332) (3837,3840) (4205,4207) (4363,4365) (5570,5572) (6275,6277) (6290,6291) (6296,6296) (6304,6304) (6409,6411) (6562,6563) (6622,6624) (6707,6709) (6734,6735) (6798,6799) (6807,6807) (7062,7064) (7149,7150) (7682,7683) (7766,7767) (7900,7902) (8028,8030)
Entity 26: (1074,1074) (1491,1492) (1515,1516) (2651,2652)
Entity 27: (1111,1114) (1117,1117)
Entity 28: (1111,1119) (1139,1139)
Entity 29: (1197,1197) (1298,1298) (1347,1347) (1368,1368)
Entity 30: (1233,1242) (1608,1609)
Entity 31: (1322,1325) (1457,1460)
Entity 32: (1363,1363) (1411,1411) (1504,1505) (1545,1545) (1561,1561) (1581,1581) (1632,1632)
Entity 33: (1403,1405) (1431,1432) (1669,1671)
Entity 34: (1414,1414) (1428,1428)
Entity 35: (1439,1446) (1472,1473)
Entity 36: (1444,1446) (2023,2023)
Entity 37: (1483,1485) (1523,1525)
Entity 38: (1487,1496) (1500,1500)
Entity 39: (1640,1640) (1725,1725) (1778,1778)
Entity 40: (1645,1646) (1760,1761)
Entity 41: (1697,1699) (2432,2433)
Entity 42: (1780,1780) (1799,1799) (1829,1829) (1847,1847)
Entity 43: (1891,1893) (2032,2033) (2561,2562) (4079,4080)
Entity 44: (1994,1994) (2091,2091) (2097,2097)
Entity 45: (2107,2116) (2133,2136)
Entity 46: (2200,2200) (2215,2215) (2224,2224) (2250,2250) (2290,2290)
Entity 47: (2220,2220) (2233,2233) (2241,2241) (2259,2259) (2275,2275) (2293,2293) (2371,2371) (2391,2391) (2393,2393)
Entity 48: (2242,2244) (4188,4190)
Entity 49: (2313,2313) (2352,2352) (3625,3625)
Entity 50: (2317,2318) (4246,4247)
Entity 51: (2481,2481) (2495,2495) (2502,2502)
Entity 52: (2519,2519) (3438,3438) (3458,3459)
Entity 53: (2545,2546) (2552,2552)
Entity 54: (2564,2567) (2576,2576)
Entity 55: (2603,2604) (2607,2607) (2702,2703)
Entity 56: (2633,2642) (2689,2690) (2780,2781)
Entity 57: (2644,2652) (2663,2663)
Entity 58: (2679,2679) (2718,2718)
Entity 59: (2920,2920) (2924,2924)
Entity 60: (2988,2988) (3007,3007)
Entity 61: (3148,3148) (3152,3152) (3163,3163) (3170,3170) (3181,3181)
Entity 62: (3195,3195) (3214,3214) (3277,3277) (3297,3297) (3335,3335) (3347,3347)
Entity 63: (3205,3206) (3275,3276) (3372,3373)
Entity 64: (3233,3235) (3259,3261) (4570,4570) (5946,5946) (6301,6301) (7616,7616) (7632,7633) (7671,7671) (8051,8052) (8118,8118) (8252,8252)
Entity 65: (3251,3251) (3364,3364) (3369,3369) (3520,3520)
Entity 66: (3255,3261) (3272,3272)
Entity 67: (3307,3307) (3300,3329)
Entity 68: (3332,3334) (3454,3456)
Entity 69: (3379,3379) (3382,3382) (3524,3524)
Entity 70: (3405,3419) (3430,3431)
Entity 71: (3505,3506) (3510,3510)
Entity 72: (3517,3518) (3561,3562)
Entity 73: (3579,3580) (3584,3584)
Entity 74: (3602,3603) (5520,5521)
Entity 75: (3656,3656) (3685,3685)
Entity 76: (3695,3696) (4002,4003) (4005,4005) (4013,4013) (4025,4025) (4035,4035) (4045,4045) (4096,4096) (4106,4106) (4178,4178) (4249,4249) (4298,4298) (4381,4381) (4410,4410) (4425,4425) (4431,4431) (4441,4441) (4447,4447) (4453,4454) (4486,4486) (4559,4559) (4612,4612) (4785,4785) (4791,4791)
Entity 77: (3698,3698) (3859,3859) (3898,3898) (3901,3901)
Entity 78: (3704,3705) (3709,3709)
Entity 79: (3731,3731) (3740,3740)
Entity 80: (3747,3747) (3751,3751)
Entity 81: (3813,3813) (3825,3825) (3850,3850) (3870,3870) (3888,3888) (3903,3903) (3909,3909) (3927,3927)
Entity 82: (3848,3849) (4482,4484)
Entity 83: (3906,3907) (3915,3915)
Entity 84: (3975,3977) (3996,3996) (5097,5098) (5106,5107) (5460,5461) (5527,5528)
Entity 85: (3985,3986) (4550,4551)
Entity 86: (4102,4103) (4185,4186)
Entity 87: (4120,4126) (5552,5554)
Entity 88: (4132,4133) (4134,4134)
Entity 89: (4151,4151) (4194,4194) (4256,4256) (4312,4312) (4324,4324) (4332,4332)
Entity 90: (4202,4210) (5754,5755)
Entity 91: (4259,4261) (4271,4271)
Entity 92: (4264,4267) (4282,4282) (4287,4287) (4327,4328) (4340,4340)
Entity 93: (4363,4369) (4390,4390) (4396,4396)
Entity 94: (4435,4439) (4444,4444)
Entity 95: (4460,4465) (4475,4477)
Entity 96: (4500,4511) (4547,4548) (4553,4553)
Entity 97: (4503,4511) (4517,4517)
Entity 98: (4513,4513) (4544,4544) (4566,4566) (4579,4579)
Entity 99: (4610,4610) (4650,4650)
Entity 100: (4645,4645) (4652,4652) (4659,4659) (4674,4674) (4683,4683) (4688,4688)
Entity 101: (4764,4767) (4770,4770)
Entity 102: (4877,4877) (4881,4881)
Entity 103: (4904,4904) (4906,4906)
Entity 104: (4910,4912) (4916,4916)
Entity 105: (4956,4965) (5032,5033) (5779,5780) (5815,5815) (5997,5998) (6013,6013) (6017,6018) (6477,6478) (6611,6612) (7580,7581) (7603,7604) (7625,7626) (7715,7716) (7826,7827) (7914,7915)
Entity 106: (4964,4965) (6023,6024) (6323,6324) (7379,7380)
Entity 107: (4985,4988) (5979,5982) (6088,6091) (6103,6106) (6528,6531) (6539,6542) (6751,6753) (7007,7010) (7394,7397) (7642,7645)
Entity 108: (5029,5029) (5056,5056)
Entity 109: (5141,5141) (5152,5152)
Entity 110: (5173,5173) (5198,5199)
Entity 111: (5187,5191) (5490,5494)
Entity 112: (5203,5209) (5238,5238)
Entity 113: (5348,5350) (5354,5354)
Entity 114: (5496,5497) (5508,5508)
Entity 115: (5788,5791) (5822,5823)
Entity 116: (5851,5857) (5870,5870) (5886,5886)
Entity 117: (5943,5944) (6326,6327) (6616,6617) (6777,6779)
Entity 118: (5950,5954) (7600,7604)
Entity 119: (5953,5954) (7730,7731)
Entity 120: (5984,5984) (5988,5988) (6000,6000) (6114,6114) (6192,6192)
Entity 121: (5987,5989) (5991,5991)
Entity 122: (6027,6030) (6032,6032)
Entity 123: (6226,6227) (6240,6240) (6393,6394)
Entity 124: (6238,6238) (6245,6245) (6251,6251)
Entity 125: (6272,6277) (6704,6709)
Entity 126: (6351,6351) (6356,6356) (6409,6409) (6446,6446) (6609,6609) (6614,6614)
Entity 127: (6359,6359) (6372,6372) (6380,6380) (6386,6386)
Entity 128: (6427,6427) (6448,6448)
Entity 129: (6438,6443) (6450,6450)
Entity 130: (6506,6512) (6517,6517)
Entity 131: (6639,6640) (8087,8089)
Entity 132: (6718,6723) (6730,6731)
Entity 133: (6770,6771) (7282,7284) (7444,7445)
Entity 134: (6830,6831) (7021,7022) (7189,7190) (7247,7248)
Entity 135: (6870,6870) (6880,6880) (6932,6932) (7012,7012) (7031,7031) (7096,7096) (7181,7181) (7192,7192) (7353,7353)
Entity 136: (6884,6886) (6905,6905) (6907,6907) (6941,6943) (6950,6950)
Entity 137: (7078,7080) (7213,7214) (8015,8017)
Entity 138: (7090,7091) (7094,7095)
Entity 139: (7161,7162) (7166,7166)
Entity 140: (7196,7214) (7230,7231)
Entity 141: (7305,7310) (7318,7318)
Entity 142: (7371,7374) (7382,7385) (8142,8145)
Entity 143: (7376,7397) (7408,7410) (7447,7449) (7485,7487) (7525,7527)
Entity 144: (7400,7406) (7568,7569)
Entity 145: (7413,7416) (7432,7433) (7950,7951)
Entity 146: (7468,7471) (7479,7480)
Entity 147: (7536,7538) (7551,7551) (7656,7658) (7973,7975) (7984,7984)
Entity 148: (7565,7565) (7574,7574)
Entity 149: (7583,7588) (7596,7596)
Entity 150: (7704,7704) (7735,7735)
Entity 151: (7820,7827) (7841,7841)
Entity 152: (7936,7936) (7947,7947) (7966,7966) (7994,7994) (8020,8020) (8079,8079) (8092,8092) (8110,8110) (8182,8182)
Entity 153: (8105,8106) (8213,8214)
Entity 154: (8115,8116) (8166,8167) (8239,8240)
Entity 155: (8136,8137) (8234,8235) (8258,8258)
Entity 156: (8154,8155) (8158,8158) (8160,8160) (8191,8191) (8216,8216) (8262,8263)
Entity 157: (8180,8180) (8250,8250)
Entity 158: (8186,8188) (8197,8198)
Entity 159: (8305,8312) (8335,8336)
Entity 160: (8351,8352) (8368,8368)
Entity 161: (8375,8378) (8382,8382) (8402,8402)
Entity 162: (8428,8428) (8438,8438)
Entity 163: (8477,8477) (8475,8477) (8486,8486)
(english); part 000:
Repeated mention in the key: 6672, 6673 798799
Total key mentions: 870
Total response mentions: 638
Strictly correct identified mentions: 29
Partially correct identified mentions: 0
No identified: 841
Invented: 610
Recall: (4.86951304357259 / 871) 0.55%	Precision: (9.00097054886212 / 638) 1.41%	F1: 0.8%
--------------------------------------------------------------------------

====== TOTALS =======
Identification of Mentions: Recall: (29 / 870) 3.33%	Precision: (29 / 638) 4.54%	F1: 3.84%
--------------------------------------------------------------------------
Coreference: Recall: (4.86951304357259 / 871) 0.55%	Precision: (9.00097054886212 / 638) 1.41%	F1: 0.8%
--------------------------------------------------------------------------

METRIC ceafe:
====> (english); part 000:
File (english); part 000:
Entity 0: (0,1) (1650,1651) (2471,2472) (2718,2719) (3138,3139) (3640,3641) (3945,3946) (4393,4394) (4925,4926) (5931,5932) (6437,6438) (6883,6884) (7246,7247) (7478,7479) (7491,7491) (7643,7643) (7809,7809) (7838,7838) (8041,8042) (8145,8146)
Entity 1: (3,3) (1655,1655) (2721,2721) (3141,3141) (4930,4930) (7481,7481) (7857,7857)
Entity 2: (5,5) (1657,1657) (2723,2723) (3143,3143) (4932,4932) (7483,7483) (7859,7859)
Entity 3: (11,24) (36,36)
Entity 4: (23,24) (203,204) (405,406) (1572,1573) (1596,1597)
Entity 5: (26,26) (42,42) (1317,1317) (1608,1608) (1745,1745) (2188,2188) (2214,2214) (3202,3202) (3315,3315) (3320,3320) (3471,3471) (3643,3643) (3803,3803) (3948,3948) (3956,3956) (3968,3968) (3978,3978) (4038,4038) (4048,4048) (4119,4119) (4190,4190) (4239,4239) (4322,4322) (4366,4366) (4372,4372) (4381,4381) (4387,4387) (4499,4499) (4552,4552) (4724,4724) (4730,4730) (4948,4948) (5895,5895) (5899,5899) (5911,5911) (6023,6023) (6101,6101) (6256,6256) (6261,6261) (6314,6314) (6511,6511) (6516,6516) (6675,6675) (6771,6771) (6781,6781) (6833,6833) (6913,6913) (6932,6932) (6997,6997) (7082,7082) (7093,7093) (7249,7249) (7485,7485) (7740,7740) (8045,8045) (8047,8047) (8076,8076) (8101,8101)
Entity 6: (53,54) (123,125) (139,139) (1040,1041) (4212,4212)
Entity 7: (66,68) (1963,1964) (3367,3369) (3707,3709) (3910,3911) (4105,4107) (4135,4137) (4409,4409) (4447,4448)
Entity 8: (84,86) (130,132) (254,256) (341,341) (428,430) (608,609) (627,628) (663,665) (846,848) (1510,1512) (1539,1541) (1587,1589) (1675,1676) (3275,3277) (3432,3434) (3741,3742) (3863,3865) (3873,3875) (4308,4310) (4638,4639) (4734,4736) (4746,4746) (4782,4783) (5773,5774) (5816,5817) (5963,5965) (6060,6061) (6174,6175) (6499,6500) (6797,6797) (6816,6817) (6880,6881)
Entity 9: (91,91) (112,112) (121,121) (252,252) (426,426) (441,441) (452,452) (471,472) (570,570) (760,760) (858,858) (963,963) (998,998)
Entity 10: (130,133) (173,174) (1706,1707) (1841,1842) (2055,2057) (3863,3866)
Entity 11: (135,135) (415,415) (482,482) (579,579) (876,876) (898,898) (2089,2089)
Entity 12: (150,154) (1661,1667) (4607,4611)
Entity 13: (153,154) (3251,3252) (3258,3258) (3880,3881) (4696,4697) (4709,4709) (4718,4720)
Entity 14: (157,158) (1188,1191)
Entity 15: (169,170) (391,392) (455,456) (485,486) (488,488) (492,492) (496,496) (618,619) (651,652) (730,731) (914,915) (1020,1021) (1148,1149) (1272,1273) (1384,1384) (1398,1398) (2259,2260) (2323,2324) (2333,2333) (2352,2352) (4055,4056) (4390,4391) (4514,4515) (4908,4909) (4943,4944) (5861,5862) (6004,6005) (6181,6182) (6392,6393) (6410,6411) (6606,6607) (6858,6859) (6886,6887) (7495,7496) (7508,7509) (7523,7524) (7560,7561) (7580,7581) (7662,7663) (7942,7943) (7958,7958)
Entity 16: (178,180) (182,183)
Entity 17: (221,222) (242,243) (317,318) (333,334) (722,724) (1211,1212)
Entity 18: (251,252) (763,766)
Entity 19: (330,334) (1196,1198)
Entity 20: (399,406) (593,600)
Entity 21: (459,461) (476,476)
Entity 22: (498,500) (542,545)
Entity 23: (556,556) (562,562) (1735,1735) (1785,1785) (1829,1829) (2123,2123)
Entity 24: (614,616) (736,738)
Entity 25: (624,630) (4171,4176) (4334,4339) (4349,4350)
Entity 26: (675,676) (699,701)
Entity 27: (684,684) (703,703)
Entity 28: (686,686) (705,705) (973,973)
Entity 29: (688,689) (707,708)
Entity 30: (716,720) (751,752)
Entity 31: (717,717) (4357,4357)
Entity 32: (719,719) (4359,4359)
Entity 33: (726,726) (1046,1046) (1292,1295) (1428,1430) (1462,1462) (1485,1485) (2615,2615)
Entity 34: (726,728) (1046,1048)
Entity 35: (741,744) (768,774) (841,848) (903,903) (1015,1018)
Entity 36: (746,747) (1230,1231) (4160,4162) (4773,4774) (5431,5432) (6957,6958) (6979,6981) (7114,7115) (7786,7786) (7911,7911)
Entity 37: (864,866) (1920,1922)
Entity 38: (950,954) (957,957)
Entity 39: (975,975) (2431,2431)
Entity 40: (977,977) (2507,2507)
Entity 41: (1000,1000) (1012,1012)
Entity 42: (1083,1086) (1089,1089) (1111,1111)
Entity 43: (1133,1135) (1158,1160) (1911,1913) (2268,2270) (2294,2296) (3152,3152) (3485,3486) (3489,3490) (4069,4069) (4075,4075) (4146,4148) (4304,4306)
Entity 44: (1200,1202) (1230,1232) (3360,3361) (3913,3913) (4411,4411) (4450,4451) (4766,4766)
Entity 45: (1280,1285) (4205,4208) (4223,4223) (4228,4228) (4268,4269) (4281,4281)
Entity 46: (1330,1333) (1378,1381)
Entity 47: (1333,1333) (1381,1381) (1474,1474) (1514,1514) (1530,1530) (1550,1550) (1600,1600) (3840,3840)
Entity 48: (1373,1375) (1401,1402) (1637,1639)
Entity 49: (1388,1388) (1747,1747) (1766,1766) (1796,1796) (1814,1814) (1889,1889) (1906,1906) (1960,1960) (2055,2055) (2131,2131) (2184,2184) (2197,2197) (2223,2223) (2239,2239) (2242,2242) (2357,2357) (2424,2424) (2435,2435) (2752,2752) (2891,2891) (2914,2914) (2923,2923) (2941,2941) (2958,2958) (3050,3050) (3055,3055) (3099,3099) (3103,3103) (3114,3114) (3121,3121) (3132,3132) (3146,3146) (3165,3165) (3228,3228) (3248,3248) (3286,3286) (3298,3298) (3330,3330) (3333,3333) (3376,3376) (3443,3443) (3475,3475) (3503,3503) (3601,3601) (3609,3609) (3630,3630) (3676,3676) (3685,3685) (3732,3732) (3752,3752) (3757,3757) (3769,3769) (3794,3794) (3814,3814) (3832,3832) (3847,3847) (3870,3870) (3884,3884) (3932,3932) (3987,3987) (4092,4092) (4197,4197) (4248,4248) (4253,4253) (4265,4265) (4273,4273) (4331,4331) (4453,4453) (4472,4472) (4484,4484) (4506,4506) (4519,4519) (4741,4741) (4787,4787) (4816,4816) (4820,4820) (4826,4826) (4863,4863) (4881,4881) (5786,5786) (5976,5976) (5995,5995) (6067,6067) (6208,6208) (6213,6213) (6589,6589) (6646,6646) (7198,7198) (7300,7300) (7460,7460) (7469,7469) (7598,7598) (7629,7629) (7831,7831) (7842,7842) (7861,7861) (7889,7889) (7914,7914) (7972,7972) (7984,7984) (8002,8002) (8067,8067) (8166,8166)
Entity 50: (1406,1416) (1442,1443)
Entity 51: (1457,1462) (1464,1465) (1470,1470)
Entity 52: (1543,1548) (1564,1565)
Entity 53: (1552,1556) (1577,1578)
Entity 54: (1613,1616) (1626,1630)
Entity 55: (1653,1653) (1759,1759) (1764,1764) (1768,1768) (1958,1958) (1974,1974) (2160,2160) (2164,2164) (2179,2179) (2254,2254) (3649,3650) (3654,3654) (3842,3842) (3845,3845) (4928,4928)
Entity 56: (1721,1723) (1726,1726)
Entity 57: (1967,1970) (1977,1977)
Entity 58: (2016,2020) (2022,2022)
Entity 59: (2071,2080) (2097,2100)
Entity 60: (2112,2112) (4550,4550) (4590,4590) (4592,4592) (4599,4599) (4614,4614) (4622,4622) (4627,4627)
Entity 61: (2134,2136) (2140,2140)
Entity 62: (2156,2156) (3077,3077) (3754,3754) (3776,3776)
Entity 63: (2206,2208) (4129,4131)
Entity 64: (2229,2233) (4761,4764)
Entity 65: (2276,2278) (2316,2317)
Entity 66: (2277,2277) (2316,2316) (2364,2365) (3570,3570) (4288,4291)
Entity 67: (2281,2282) (3974,3975) (3977,3977)
Entity 68: (2288,2288) (2298,2298)
Entity 69: (2474,2479) (2655,2657)
Entity 70: (2483,2483) (3389,3389) (3409,3410)
Entity 71: (2513,2513) (2516,2516) (2674,2675)
Entity 72: (2525,2526) (4021,4022)
Entity 73: (2535,2537) (2539,2539)
Entity 74: (2551,2558) (2566,2567)
Entity 75: (2560,2561) (2570,2570) (2607,2608) (2626,2626)
Entity 76: (2572,2576) (2588,2589)
Entity 77: (2578,2579) (2581,2581)
Entity 78: (2620,2622) (2646,2647)
Entity 79: (2667,2668) (2712,2713)
Entity 80: (2683,2688) (2693,2693)
Entity 81: (2756,2756) (2762,2762)
Entity 82: (3027,3028) (3030,3030)
Entity 83: (3057,3059) (3073,3073)
Entity 84: (3123,3127) (3129,3130)
Entity 85: (3148,3153) (3482,3487)
Entity 86: (3151,3153) (3484,3487) (4103,4103)
Entity 87: (3154,3154) (3156,3157) (3226,3227) (3323,3324)
Entity 88: (3184,3186) (3210,3212) (3223,3223) (4510,4510) (5857,5857) (6210,6210) (6405,6405) (7511,7511) (7527,7527) (7565,7565) (7945,7945) (8010,8010) (8135,8135)
Entity 89: (3247,3247) (3347,3347) (4541,4541) (4822,4822) (4867,4867)
Entity 90: (3283,3285) (3405,3407)
Entity 91: (3356,3369) (3381,3382) (3456,3458) (3461,3461)
Entity 92: (3432,3441) (3449,3450)
Entity 93: (3468,3469) (3510,3511)
Entity 94: (3526,3527) (3531,3531)
Entity 95: (3566,3571) (3586,3587)
Entity 96: (3652,3656) (3670,3670)
Entity 97: (3689,3692) (3696,3696)
Entity 98: (3702,3703) (3724,3725)
Entity 99: (3782,3784) (5486,5488) (6184,6186) (6199,6200) (6205,6205) (6466,6467) (6525,6526) (6609,6611) (6636,6637) (6699,6700) (6708,6708) (6964,6965) (7050,7051) (7078,7079) (7576,7577) (7659,7660) (7793,7795) (7922,7924)
Entity 100: (3799,3800) (3805,3805)
Entity 101: (3850,3851) (3859,3859)
Entity 102: (3915,3915) (3918,3920) (4413,4413) (4465,4466) (4495,4497)
Entity 103: (3925,3929) (3935,3935) (3939,3939) (4440,4444) (4487,4491) (4493,4493)
Entity 104: (3928,3929) (4443,4444) (4457,4457) (4490,4491)
Entity 105: (3965,3966) (4377,4378)
Entity 106: (3992,3992) (4006,4012) (4017,4018)
Entity 107: (4044,4045) (4047,4047) (4126,4127)
Entity 108: (4061,4067) (4094,4094) (4143,4151)
Entity 109: (4065,4067) (4086,4088)
Entity 110: (4181,4182) (4185,4185)
Entity 111: (4205,4216) (4218,4218)
Entity 112: (4297,4298) (4316,4318)
Entity 113: (4397,4399) (4512,4513)
Entity 114: (4400,4405) (4415,4417)
Entity 115: (4561,4566) (4573,4573)
Entity 116: (4627,4629) (4631,4631)
Entity 117: (4794,4799) (4801,4802)
Entity 118: (4841,4843) (4845,4845)
Entity 119: (4849,4851) (4855,4855)
Entity 120: (4884,4888) (4943,4946) (5468,5470) (7591,7593)
Entity 121: (4893,4894) (4951,4952) (5694,5695) (5726,5726) (5908,5909) (5928,5929) (5938,5941) (6382,6383) (6387,6390) (6513,6514) (7097,7098) (7100,7100) (7131,7132) (7475,7476) (7498,7499) (7520,7521) (7719,7720) (7809,7810)
Entity 122: (4896,4897) (5934,5935) (6232,6233) (7275,7276)
Entity 123: (4902,4905) (5920,5922) (6248,6250) (6405,6408) (7267,7270) (7278,7281) (8029,8032)
Entity 124: (4908,4924) (6397,6400)
Entity 125: (4939,4946) (5465,5470) (5669,5670)
Entity 126: (4966,4968) (5036,5038) (5890,5893) (5999,6002) (6012,6015) (6432,6435) (6443,6446) (6573,6576) (6653,6655) (6731,6732) (6908,6911) (6922,6923) (7013,7014) (7090,7091) (7148,7149) (7290,7293) (7537,7539) (8206,8210)
Entity 127: (4978,4978) (4993,4993) (5059,5059) (5070,5070) (5116,5117) (5307,5308) (5591,5592) (6620,6625) (6632,6633) (7312,7312) (7314,7314)
Entity 128: (5015,5016) (5024,5025) (5186,5187) (5246,5247) (5376,5377) (5443,5444)
Entity 129: (5208,5219) (5226,5226)
Entity 130: (5264,5266) (5270,5270) (7369,7370) (7374,7375)
Entity 131: (5431,5433) (7441,7443)
Entity 132: (5525,5527) (5529,5529)
Entity 133: (5703,5704) (5733,5734)
Entity 134: (5736,5737) (5750,5751)
Entity 135: (5768,5774) (5781,5781) (5797,5797)
Entity 136: (5854,5855) (6235,6236) (6518,6519) (6679,6680)
Entity 137: (5864,5865) (6029,6030) (6413,6414) (6416,6416) (6421,6421)
Entity 138: (5872,5876) (5881,5881)
Entity 139: (5899,5900) (5902,5902)
Entity 140: (5916,5922) (5924,5924)
Entity 141: (6135,6136) (6149,6149)
Entity 142: (6238,6238) (6264,6264) (6277,6277)
Entity 143: (6282,6282) (6285,6285) (6291,6291)
Entity 144: (6298,6299) (6658,6658) (6878,6878) (8358,8359) (8369,8369)
Entity 145: (6319,6322) (7204,7208) (7214,7214)
Entity 146: (6326,6330) (6332,6332) (6353,6353)
Entity 147: (6339,6341) (7204,7205)
Entity 148: (6449,6453) (6455,6455)
Entity 149: (6487,6488) (6507,6507)
Entity 150: (6541,6542) (7980,7981)
Entity 151: (6603,6604) (6639,6640)
Entity 152: (6672,6673) (6672,6673) (7183,7185) (7339,7340) (7431,7433) (7446,7446) (7550,7552) (7754,7756) (7868,7870) (7879,7879)
Entity 153: (6785,6787) (6806,6806) (6808,6808) (6842,6844) (6851,6851) (6869,6869)
Entity 154: (6886,6891) (6894,6894)
Entity 155: (6919,6923) (6941,6941)
Entity 156: (7027,7034) (7041,7042)
Entity 157: (7062,7063) (7067,7067)
Entity 158: (7179,7193) (7195,7195)
Entity 159: (7220,7226) (7228,7228)
Entity 160: (7296,7298) (7463,7464)
Entity 161: (7385,7391) (7393,7393)
Entity 162: (7546,7552) (7554,7554)
Entity 163: (7567,7572) (7586,7586) (7634,7634)
Entity 164: (7690,7695) (7697,7697)
Entity 165: (7713,7716) (7734,7734)
Entity 166: (7759,7762) (7764,7764)
Entity 167: (7820,7829) (7833,7834) (7845,7846)
Entity 168: (7948,7955) (7964,7964)
Entity 169: (8023,8024) (8119,8120)
Entity 170: (8053,8065) (8138,8139)
Entity 171: (8053,8054) (8124,8125)
Entity 172: (8061,8065) (8129,8133)
Entity 173: (8071,8073) (8082,8083)
Entity 174: (8148,8148) (8158,8158)
Entity 175: (8170,8175) (8176,8176)
Entity 176: (8188,8195) (8218,8219) (8234,8235)
Entity 177: (8243,8248) (8251,8251)
Entity 178: (8253,8256) (8260,8261) (8265,8265) (8285,8285)
Entity 179: (8306,8306) (8321,8322)
====> (english); part 000:
File (english); part 000:
Entity 0: (3,3) (36,36)
Entity 1: (19,24) (53,54) (124,126) (141,141)
Entity 2: (26,26) (42,42)
Entity 3: (85,87) (131,134) (171,172) (189,189) (261,263) (407,408) (445,447) (472,473) (502,503) (505,505) (509,509) (513,513) (625,627) (636,637) (645,647) (670,671) (682,685) (754,755) (777,777) (837,839) (870,872) (938,939) (963,963) (1048,1049) (1078,1078) (1176,1177) (1302,1303) (1541,1543) (1571,1572) (1570,1572) (1618,1620) (1707,1708) (2295,2296) (2359,2360) (2369,2369) (2388,2388) (3324,3326) (3481,3483) (3796,3798) (3919,3922) (3930,3932) (3930,3942) (4064,4066) (4114,4115) (4367,4369) (4450,4451) (4574,4575) (4698,4700) (4795,4797) (4807,4807) (4843,4844) (5023,5025) (5862,5863) (5905,5906) (5950,5951) (6052,6054) (6093,6094) (6151,6152) (6265,6266) (6272,6273) (6487,6488) (6506,6507) (6595,6596) (6663,6663) (6704,6705) (6721,6721) (6896,6896) (6915,6916) (6957,6958) (6968,6968) (6979,6980) (6986,6986) (6993,6993) (7561,7561) (7613,7614) (7628,7629) (7666,7667) (7686,7687) (7699,7699) (7769,7770) (8048,8049) (8065,8065) (8071,8071)
Entity 4: (92,92) (113,113)
Entity 5: (175,177) (1738,1740)
Entity 6: (175,176) (1738,1739) (1874,1875) (3296,3296) (3396,3396) (4601,4601) (4883,4883) (4928,4928)
Entity 7: (224,227) (247,250) (344,347) (1239,1242)
Entity 8: (258,259) (790,790) (1286,1287)
Entity 9: (297,300) (372,375) (946,949)
Entity 10: (328,329) (382,384)
Entity 11: (341,347) (1068,1069)
Entity 12: (431,431) (499,499) (550,550) (596,596)
Entity 13: (442,442) (458,458) (523,523) (587,587)
Entity 14: (476,478) (493,493)
Entity 15: (682,687) (888,890) (945,951) (1228,1230) (1260,1262) (1276,1276) (1626,1629) (1954,1956) (1996,1998) (3416,3418) (3762,3764) (4124,4126) (4128,4128) (4194,4196)
Entity 16: (706,706) (725,725)
Entity 17: (708,708) (727,727) (999,999)
Entity 18: (708,711) (727,730) (734,735)
Entity 19: (710,711) (729,730)
Entity 20: (784,784) (989,989)
Entity 21: (958,959) (979,980)
Entity 22: (976,980) (983,983)
Entity 23: (1001,1001) (2467,2467)
Entity 24: (1003,1003) (2543,2543)
Entity 25: (1012,1014) (1161,1163) (1186,1188) (1945,1947) (2304,2306) (2330,2332) (3837,3840) (4205,4207) (4363,4365) (5570,5572) (6275,6277) (6290,6291) (6296,6296) (6304,6304) (6409,6411) (6562,6563) (6622,6624) (6707,6709) (6734,6735) (6798,6799) (6807,6807) (7062,7064) (7149,7150) (7682,7683) (7766,7767) (7900,7902) (8028,8030)
Entity 26: (1074,1074) (1491,1492) (1515,1516) (2651,2652)
Entity 27: (1111,1114) (1117,1117)
Entity 28: (1111,1119) (1139,1139)
Entity 29: (1197,1197) (1298,1298) (1347,1347) (1368,1368)
Entity 30: (1233,1242) (1608,1609)
Entity 31: (1322,1325) (1457,1460)
Entity 32: (1363,1363) (1411,1411) (1504,1505) (1545,1545) (1561,1561) (1581,1581) (1632,1632)
Entity 33: (1403,1405) (1431,1432) (1669,1671)
Entity 34: (1414,1414) (1428,1428)
Entity 35: (1439,1446) (1472,1473)
Entity 36: (1444,1446) (2023,2023)
Entity 37: (1483,1485) (1523,1525)
Entity 38: (1487,1496) (1500,1500)
Entity 39: (1640,1640) (1725,1725) (1778,1778)
Entity 40: (1645,1646) (1760,1761)
Entity 41: (1697,1699) (2432,2433)
Entity 42: (1780,1780) (1799,1799) (1829,1829) (1847,1847)
Entity 43: (1891,1893) (2032,2033) (2561,2562) (4079,4080)
Entity 44: (1994,1994) (2091,2091) (2097,2097)
Entity 45: (2107,2116) (2133,2136)
Entity 46: (2200,2200) (2215,2215) (2224,2224) (2250,2250) (2290,2290)
Entity 47: (2220,2220) (2233,2233) (2241,2241) (2259,2259) (2275,2275) (2293,2293) (2371,2371) (2391,2391) (2393,2393)
Entity 48: (2242,2244) (4188,4190)
Entity 49: (2313,2313) (2352,2352) (3625,3625)
Entity 50: (2317,2318) (4246,4247)
Entity 51: (2481,2481) (2495,2495) (2502,2502)
Entity 52: (2519,2519) (3438,3438) (3458,3459)
Entity 53: (2545,2546) (2552,2552)
Entity 54: (2564,2567) (2576,2576)
Entity 55: (2603,2604) (2607,2607) (2702,2703)
Entity 56: (2633,2642) (2689,2690) (2780,2781)
Entity 57: (2644,2652) (2663,2663)
Entity 58: (2679,2679) (2718,2718)
Entity 59: (2920,2920) (2924,2924)
Entity 60: (2988,2988) (3007,3007)
Entity 61: (3148,3148) (3152,3152) (3163,3163) (3170,3170) (3181,3181)
Entity 62: (3195,3195) (3214,3214) (3277,3277) (3297,3297) (3335,3335) (3347,3347)
Entity 63: (3205,3206) (3275,3276) (3372,3373)
Entity 64: (3233,3235) (3259,3261) (4570,4570) (5946,5946) (6301,6301) (7616,7616) (7632,7633) (7671,7671) (8051,8052) (8118,8118) (8252,8252)
Entity 65: (3251,3251) (3364,3364) (3369,3369) (3520,3520)
Entity 66: (3255,3261) (3272,3272)
Entity 67: (3307,3307) (3300,3329)
Entity 68: (3332,3334) (3454,3456)
Entity 69: (3379,3379) (3382,3382) (3524,3524)
Entity 70: (3405,3419) (3430,3431)
Entity 71: (3505,3506) (3510,3510)
Entity 72: (3517,3518) (3561,3562)
Entity 73: (3579,3580) (3584,3584)
Entity 74: (3602,3603) (5520,5521)
Entity 75: (3656,3656) (3685,3685)
Entity 76: (3695,3696) (4002,4003) (4005,4005) (4013,4013) (4025,4025) (4035,4035) (4045,4045) (4096,4096) (4106,4106) (4178,4178) (4249,4249) (4298,4298) (4381,4381) (4410,4410) (4425,4425) (4431,4431) (4441,4441) (4447,4447) (4453,4454) (4486,4486) (4559,4559) (4612,4612) (4785,4785) (4791,4791)
Entity 77: (3698,3698) (3859,3859) (3898,3898) (3901,3901)
Entity 78: (3704,3705) (3709,3709)
Entity 79: (3731,3731) (3740,3740)
Entity 80: (3747,3747) (3751,3751)
Entity 81: (3813,3813) (3825,3825) (3850,3850) (3870,3870) (3888,3888) (3903,3903) (3909,3909) (3927,3927)
Entity 82: (3848,3849) (4482,4484)
Entity 83: (3906,3907) (3915,3915)
Entity 84: (3975,3977) (3996,3996) (5097,5098) (5106,5107) (5460,5461) (5527,5528)
Entity 85: (3985,3986) (4550,4551)
Entity 86: (4102,4103) (4185,4186)
Entity 87: (4120,4126) (5552,5554)
Entity 88: (4132,4133) (4134,4134)
Entity 89: (4151,4151) (4194,4194) (4256,4256) (4312,4312) (4324,4324) (4332,4332)
Entity 90: (4202,4210) (5754,5755)
Entity 91: (4259,4261) (4271,4271)
Entity 92: (4264,4267) (4282,4282) (4287,4287) (4327,4328) (4340,4340)
Entity 93: (4363,4369) (4390,4390) (4396,4396)
Entity 94: (4435,4439) (4444,4444)
Entity 95: (4460,4465) (4475,4477)
Entity 96: (4500,4511) (4547,4548) (4553,4553)
Entity 97: (4503,4511) (4517,4517)
Entity 98: (4513,4513) (4544,4544) (4566,4566) (4579,4579)
Entity 99: (4610,4610) (4650,4650)
Entity 100: (4645,4645) (4652,4652) (4659,4659) (4674,4674) (4683,4683) (4688,4688)
Entity 101: (4764,4767) (4770,4770)
Entity 102: (4877,4877) (4881,4881)
Entity 103: (4904,4904) (4906,4906)
Entity 104: (4910,4912) (4916,4916)
Entity 105: (4956,4965) (5032,5033) (5779,5780) (5815,5815) (5997,5998) (6013,6013) (6017,6018) (6477,6478) (6611,6612) (7580,7581) (7603,7604) (7625,7626) (7715,7716) (7826,7827) (7914,7915)
Entity 106: (4964,4965) (6023,6024) (6323,6324) (7379,7380)
Entity 107: (4985,4988) (5979,5982) (6088,6091) (6103,6106) (6528,6531) (6539,6542) (6751,6753) (7007,7010) (7394,7397) (7642,7645)
Entity 108: (5029,5029) (5056,5056)
Entity 109: (5141,5141) (5152,5152)
Entity 110: (5173,5173) (5198,5199)
Entity 111: (5187,5191) (5490,5494)
Entity 112: (5203,5209) (5238,5238)
Entity 113: (5348,5350) (5354,5354)
Entity 114: (5496,5497) (5508,5508)
Entity 115: (5788,5791) (5822,5823)
Entity 116: (5851,5857) (5870,5870) (5886,5886)
Entity 117: (5943,5944) (6326,6327) (6616,6617) (6777,6779)
Entity 118: (5950,5954) (7600,7604)
Entity 119: (5953,5954) (7730,7731)
Entity 120: (5984,5984) (5988,5988) (6000,6000) (6114,6114) (6192,6192)
Entity 121: (5987,5989) (5991,5991)
Entity 122: (6027,6030) (6032,6032)
Entity 123: (6226,6227) (6240,6240) (6393,6394)
Entity 124: (6238,6238) (6245,6245) (6251,6251)
Entity 125: (6272,6277) (6704,6709)
Entity 126: (6351,6351) (6356,6356) (6409,6409) (6446,6446) (6609,6609) (6614,6614)
Entity 127: (6359,6359) (6372,6372) (6380,6380) (6386,6386)
Entity 128: (6427,6427) (6448,6448)
Entity 129: (6438,6443) (6450,6450)
Entity 130: (6506,6512) (6517,6517)
Entity 131: (6639,6640) (8087,8089)
Entity 132: (6718,6723) (6730,6731)
Entity 133: (6770,6771) (7282,7284) (7444,7445)
Entity 134: (6830,6831) (7021,7022) (7189,7190) (7247,7248)
Entity 135: (6870,6870) (6880,6880) (6932,6932) (7012,7012) (7031,7031) (7096,7096) (7181,7181) (7192,7192) (7353,7353)
Entity 136: (6884,6886) (6905,6905) (6907,6907) (6941,6943) (6950,6950)
Entity 137: (7078,7080) (7213,7214) (8015,8017)
Entity 138: (7090,7091) (7094,7095)
Entity 139: (7161,7162) (7166,7166)
Entity 140: (7196,7214) (7230,7231)
Entity 141: (7305,7310) (7318,7318)
Entity 142: (7371,7374) (7382,7385) (8142,8145)
Entity 143: (7376,7397) (7408,7410) (7447,7449) (7485,7487) (7525,7527)
Entity 144: (7400,7406) (7568,7569)
Entity 145: (7413,7416) (7432,7433) (7950,7951)
Entity 146: (7468,7471) (7479,7480)
Entity 147: (7536,7538) (7551,7551) (7656,7658) (7973,7975) (7984,7984)
Entity 148: (7565,7565) (7574,7574)
Entity 149: (7583,7588) (7596,7596)
Entity 150: (7704,7704) (7735,7735)
Entity 151: (7820,7827) (7841,7841)
Entity 152: (7936,7936) (7947,7947) (7966,7966) (7994,7994) (8020,8020) (8079,8079) (8092,8092) (8110,8110) (8182,8182)
Entity 153: (8105,8106) (8213,8214)
Entity 154: (8115,8116) (8166,8167) (8239,8240)
Entity 155: (8136,8137) (8234,8235) (8258,8258)
Entity 156: (8154,8155) (8158,8158) (8160,8160) (8191,8191) (8216,8216) (8262,8263)
Entity 157: (8180,8180) (8250,8250)
Entity 158: (8186,8188) (8197,8198)
Entity 159: (8305,8312) (8335,8336)
Entity 160: (8351,8352) (8368,8368)
Entity 161: (8375,8378) (8382,8382) (8402,8402)
Entity 162: (8428,8428) (8438,8438)
Entity 163: (8477,8477) (8475,8477) (8486,8486)
(english); part 000:
Repeated mention in the key: 6672, 6673 798799
Total key mentions: 870
Total response mentions: 638
Strictly correct identified mentions: 29
Partially correct identified mentions: 0
No identified: 841
Invented: 610
Recall: (3.73238984658422 / 180) 2.07%	Precision: (3.73238984658422 / 164) 2.27%	F1: 2.16%
--------------------------------------------------------------------------

====== TOTALS =======
Identification of Mentions: Recall: (29 / 870) 3.33%	Precision: (29 / 638) 4.54%	F1: 3.84%
--------------------------------------------------------------------------
Coreference: Recall: (3.73238984658422 / 180) 2.07%	Precision: (3.73238984658422 / 164) 2.27%	F1: 2.16%
--------------------------------------------------------------------------

METRIC lea:
====> (english); part 000:
File (english); part 000:
Entity 0: (0,1) (1650,1651) (2471,2472) (2718,2719) (3138,3139) (3640,3641) (3945,3946) (4393,4394) (4925,4926) (5931,5932) (6437,6438) (6883,6884) (7246,7247) (7478,7479) (7491,7491) (7643,7643) (7809,7809) (7838,7838) (8041,8042) (8145,8146)
Entity 1: (3,3) (1655,1655) (2721,2721) (3141,3141) (4930,4930) (7481,7481) (7857,7857)
Entity 2: (5,5) (1657,1657) (2723,2723) (3143,3143) (4932,4932) (7483,7483) (7859,7859)
Entity 3: (11,24) (36,36)
Entity 4: (23,24) (203,204) (405,406) (1572,1573) (1596,1597)
Entity 5: (26,26) (42,42) (1317,1317) (1608,1608) (1745,1745) (2188,2188) (2214,2214) (3202,3202) (3315,3315) (3320,3320) (3471,3471) (3643,3643) (3803,3803) (3948,3948) (3956,3956) (3968,3968) (3978,3978) (4038,4038) (4048,4048) (4119,4119) (4190,4190) (4239,4239) (4322,4322) (4366,4366) (4372,4372) (4381,4381) (4387,4387) (4499,4499) (4552,4552) (4724,4724) (4730,4730) (4948,4948) (5895,5895) (5899,5899) (5911,5911) (6023,6023) (6101,6101) (6256,6256) (6261,6261) (6314,6314) (6511,6511) (6516,6516) (6675,6675) (6771,6771) (6781,6781) (6833,6833) (6913,6913) (6932,6932) (6997,6997) (7082,7082) (7093,7093) (7249,7249) (7485,7485) (7740,7740) (8045,8045) (8047,8047) (8076,8076) (8101,8101)
Entity 6: (53,54) (123,125) (139,139) (1040,1041) (4212,4212)
Entity 7: (66,68) (1963,1964) (3367,3369) (3707,3709) (3910,3911) (4105,4107) (4135,4137) (4409,4409) (4447,4448)
Entity 8: (84,86) (130,132) (254,256) (341,341) (428,430) (608,609) (627,628) (663,665) (846,848) (1510,1512) (1539,1541) (1587,1589) (1675,1676) (3275,3277) (3432,3434) (3741,3742) (3863,3865) (3873,3875) (4308,4310) (4638,4639) (4734,4736) (4746,4746) (4782,4783) (5773,5774) (5816,5817) (5963,5965) (6060,6061) (6174,6175) (6499,6500) (6797,6797) (6816,6817) (6880,6881)
Entity 9: (91,91) (112,112) (121,121) (252,252) (426,426) (441,441) (452,452) (471,472) (570,570) (760,760) (858,858) (963,963) (998,998)
Entity 10: (130,133) (173,174) (1706,1707) (1841,1842) (2055,2057) (3863,3866)
Entity 11: (135,135) (415,415) (482,482) (579,579) (876,876) (898,898) (2089,2089)
Entity 12: (150,154) (1661,1667) (4607,4611)
Entity 13: (153,154) (3251,3252) (3258,3258) (3880,3881) (4696,4697) (4709,4709) (4718,4720)
Entity 14: (157,158) (1188,1191)
Entity 15: (169,170) (391,392) (455,456) (485,486) (488,488) (492,492) (496,496) (618,619) (651,652) (730,731) (914,915) (1020,1021) (1148,1149) (1272,1273) (1384,1384) (1398,1398) (2259,2260) (2323,2324) (2333,2333) (2352,2352) (4055,4056) (4390,4391) (4514,4515) (4908,4909) (4943,4944) (5861,5862) (6004,6005) (6181,6182) (6392,6393) (6410,6411) (6606,6607) (6858,6859) (6886,6887) (7495,7496) (7508,7509) (7523,7524) (7560,7561) (7580,7581) (7662,7663) (7942,7943) (7958,7958)
Entity 16: (178,180) (182,183)
Entity 17: (221,222) (242,243) (317,318) (333,334) (722,724) (1211,1212)
Entity 18: (251,252) (763,766)
Entity 19: (330,334) (1196,1198)
Entity 20: (399,406) (593,600)
Entity 21: (459,461) (476,476)
Entity 22: (498,500) (542,545)
Entity 23: (556,556) (562,562) (1735,1735) (1785,1785) (1829,1829) (2123,2123)
Entity 24: (614,616) (736,738)
Entity 25: (624,630) (4171,4176) (4334,4339) (4349,4350)
Entity 26: (675,676) (699,701)
Entity 27: (684,684) (703,703)
Entity 28: (686,686) (705,705) (973,973)
Entity 29: (688,689) (707,708)
Entity 30: (716,720) (751,752)
Entity 31: (717,717) (4357,4357)
Entity 32: (719,719) (4359,4359)
Entity 33: (726,726) (1046,1046) (1292,1295) (1428,1430) (1462,1462) (1485,1485) (2615,2615)
Entity 34: (726,728) (1046,1048)
Entity 35: (741,744) (768,774) (841,848) (903,903) (1015,1018)
Entity 36: (746,747) (1230,1231) (4160,4162) (4773,4774) (5431,5432) (6957,6958) (6979,6981) (7114,7115) (7786,7786) (7911,7911)
Entity 37: (864,866) (1920,1922)
Entity 38: (950,954) (957,957)
Entity 39: (975,975) (2431,2431)
Entity 40: (977,977) (2507,2507)
Entity 41: (1000,1000) (1012,1012)
Entity 42: (1083,1086) (1089,1089) (1111,1111)
Entity 43: (1133,1135) (1158,1160) (1911,1913) (2268,2270) (2294,2296) (3152,3152) (3485,3486) (3489,3490) (4069,4069) (4075,4075) (4146,4148) (4304,4306)
Entity 44: (1200,1202) (1230,1232) (3360,3361) (3913,3913) (4411,4411) (4450,4451) (4766,4766)
Entity 45: (1280,1285) (4205,4208) (4223,4223) (4228,4228) (4268,4269) (4281,4281)
Entity 46: (1330,1333) (1378,1381)
Entity 47: (1333,1333) (1381,1381) (1474,1474) (1514,1514) (1530,1530) (1550,1550) (1600,1600) (3840,3840)
Entity 48: (1373,1375) (1401,1402) (1637,1639)
Entity 49: (1388,1388) (1747,1747) (1766,1766) (1796,1796) (1814,1814) (1889,1889) (1906,1906) (1960,1960) (2055,2055) (2131,2131) (2184,2184) (2197,2197) (2223,2223) (2239,2239) (2242,2242) (2357,2357) (2424,2424) (2435,2435) (2752,2752) (2891,2891) (2914,2914) (2923,2923) (2941,2941) (2958,2958) (3050,3050) (3055,3055) (3099,3099) (3103,3103) (3114,3114) (3121,3121) (3132,3132) (3146,3146) (3165,3165) (3228,3228) (3248,3248) (3286,3286) (3298,3298) (3330,3330) (3333,3333) (3376,3376) (3443,3443) (3475,3475) (3503,3503) (3601,3601) (3609,3609) (3630,3630) (3676,3676) (3685,3685) (3732,3732) (3752,3752) (3757,3757) (3769,3769) (3794,3794) (3814,3814) (3832,3832) (3847,3847) (3870,3870) (3884,3884) (3932,3932) (3987,3987) (4092,4092) (4197,4197) (4248,4248) (4253,4253) (4265,4265) (4273,4273) (4331,4331) (4453,4453) (4472,4472) (4484,4484) (4506,4506) (4519,4519) (4741,4741) (4787,4787) (4816,4816) (4820,4820) (4826,4826) (4863,4863) (4881,4881) (5786,5786) (5976,5976) (5995,5995) (6067,6067) (6208,6208) (6213,6213) (6589,6589) (6646,6646) (7198,7198) (7300,7300) (7460,7460) (7469,7469) (7598,7598) (7629,7629) (7831,7831) (7842,7842) (7861,7861) (7889,7889) (7914,7914) (7972,7972) (7984,7984) (8002,8002) (8067,8067) (8166,8166)
Entity 50: (1406,1416) (1442,1443)
Entity 51: (1457,1462) (1464,1465) (1470,1470)
Entity 52: (1543,1548) (1564,1565)
Entity 53: (1552,1556) (1577,1578)
Entity 54: (1613,1616) (1626,1630)
Entity 55: (1653,1653) (1759,1759) (1764,1764) (1768,1768) (1958,1958) (1974,1974) (2160,2160) (2164,2164) (2179,2179) (2254,2254) (3649,3650) (3654,3654) (3842,3842) (3845,3845) (4928,4928)
Entity 56: (1721,1723) (1726,1726)
Entity 57: (1967,1970) (1977,1977)
Entity 58: (2016,2020) (2022,2022)
Entity 59: (2071,2080) (2097,2100)
Entity 60: (2112,2112) (4550,4550) (4590,4590) (4592,4592) (4599,4599) (4614,4614) (4622,4622) (4627,4627)
Entity 61: (2134,2136) (2140,2140)
Entity 62: (2156,2156) (3077,3077) (3754,3754) (3776,3776)
Entity 63: (2206,2208) (4129,4131)
Entity 64: (2229,2233) (4761,4764)
Entity 65: (2276,2278) (2316,2317)
Entity 66: (2277,2277) (2316,2316) (2364,2365) (3570,3570) (4288,4291)
Entity 67: (2281,2282) (3974,3975) (3977,3977)
Entity 68: (2288,2288) (2298,2298)
Entity 69: (2474,2479) (2655,2657)
Entity 70: (2483,2483) (3389,3389) (3409,3410)
Entity 71: (2513,2513) (2516,2516) (2674,2675)
Entity 72: (2525,2526) (4021,4022)
Entity 73: (2535,2537) (2539,2539)
Entity 74: (2551,2558) (2566,2567)
Entity 75: (2560,2561) (2570,2570) (2607,2608) (2626,2626)
Entity 76: (2572,2576) (2588,2589)
Entity 77: (2578,2579) (2581,2581)
Entity 78: (2620,2622) (2646,2647)
Entity 79: (2667,2668) (2712,2713)
Entity 80: (2683,2688) (2693,2693)
Entity 81: (2756,2756) (2762,2762)
Entity 82: (3027,3028) (3030,3030)
Entity 83: (3057,3059) (3073,3073)
Entity 84: (3123,3127) (3129,3130)
Entity 85: (3148,3153) (3482,3487)
Entity 86: (3151,3153) (3484,3487) (4103,4103)
Entity 87: (3154,3154) (3156,3157) (3226,3227) (3323,3324)
Entity 88: (3184,3186) (3210,3212) (3223,3223) (4510,4510) (5857,5857) (6210,6210) (6405,6405) (7511,7511) (7527,7527) (7565,7565) (7945,7945) (8010,8010) (8135,8135)
Entity 89: (3247,3247) (3347,3347) (4541,4541) (4822,4822) (4867,4867)
Entity 90: (3283,3285) (3405,3407)
Entity 91: (3356,3369) (3381,3382) (3456,3458) (3461,3461)
Entity 92: (3432,3441) (3449,3450)
Entity 93: (3468,3469) (3510,3511)
Entity 94: (3526,3527) (3531,3531)
Entity 95: (3566,3571) (3586,3587)
Entity 96: (3652,3656) (3670,3670)
Entity 97: (3689,3692) (3696,3696)
Entity 98: (3702,3703) (3724,3725)
Entity 99: (3782,3784) (5486,5488) (6184,6186) (6199,6200) (6205,6205) (6466,6467) (6525,6526) (6609,6611) (6636,6637) (6699,6700) (6708,6708) (6964,6965) (7050,7051) (7078,7079) (7576,7577) (7659,7660) (7793,7795) (7922,7924)
Entity 100: (3799,3800) (3805,3805)
Entity 101: (3850,3851) (3859,3859)
Entity 102: (3915,3915) (3918,3920) (4413,4413) (4465,4466) (4495,4497)
Entity 103: (3925,3929) (3935,3935) (3939,3939) (4440,4444) (4487,4491) (4493,4493)
Entity 104: (3928,3929) (4443,4444) (4457,4457) (4490,4491)
Entity 105: (3965,3966) (4377,4378)
Entity 106: (3992,3992) (4006,4012) (4017,4018)
Entity 107: (4044,4045) (4047,4047) (4126,4127)
Entity 108: (4061,4067) (4094,4094) (4143,4151)
Entity 109: (4065,4067) (4086,4088)
Entity 110: (4181,4182) (4185,4185)
Entity 111: (4205,4216) (4218,4218)
Entity 112: (4297,4298) (4316,4318)
Entity 113: (4397,4399) (4512,4513)
Entity 114: (4400,4405) (4415,4417)
Entity 115: (4561,4566) (4573,4573)
Entity 116: (4627,4629) (4631,4631)
Entity 117: (4794,4799) (4801,4802)
Entity 118: (4841,4843) (4845,4845)
Entity 119: (4849,4851) (4855,4855)
Entity 120: (4884,4888) (4943,4946) (5468,5470) (7591,7593)
Entity 121: (4893,4894) (4951,4952) (5694,5695) (5726,5726) (5908,5909) (5928,5929) (5938,5941) (6382,6383) (6387,6390) (6513,6514) (7097,7098) (7100,7100) (7131,7132) (7475,7476) (7498,7499) (7520,7521) (7719,7720) (7809,7810)
Entity 122: (4896,4897) (5934,5935) (6232,6233) (7275,7276)
Entity 123: (4902,4905) (5920,5922) (6248,6250) (6405,6408) (7267,7270) (7278,7281) (8029,8032)
Entity 124: (4908,4924) (6397,6400)
Entity 125: (4939,4946) (5465,5470) (5669,5670)
Entity 126: (4966,4968) (5036,5038) (5890,5893) (5999,6002) (6012,6015) (6432,6435) (6443,6446) (6573,6576) (6653,6655) (6731,6732) (6908,6911) (6922,6923) (7013,7014) (7090,7091) (7148,7149) (7290,7293) (7537,7539) (8206,8210)
Entity 127: (4978,4978) (4993,4993) (5059,5059) (5070,5070) (5116,5117) (5307,5308) (5591,5592) (6620,6625) (6632,6633) (7312,7312) (7314,7314)
Entity 128: (5015,5016) (5024,5025) (5186,5187) (5246,5247) (5376,5377) (5443,5444)
Entity 129: (5208,5219) (5226,5226)
Entity 130: (5264,5266) (5270,5270) (7369,7370) (7374,7375)
Entity 131: (5431,5433) (7441,7443)
Entity 132: (5525,5527) (5529,5529)
Entity 133: (5703,5704) (5733,5734)
Entity 134: (5736,5737) (5750,5751)
Entity 135: (5768,5774) (5781,5781) (5797,5797)
Entity 136: (5854,5855) (6235,6236) (6518,6519) (6679,6680)
Entity 137: (5864,5865) (6029,6030) (6413,6414) (6416,6416) (6421,6421)
Entity 138: (5872,5876) (5881,5881)
Entity 139: (5899,5900) (5902,5902)
Entity 140: (5916,5922) (5924,5924)
Entity 141: (6135,6136) (6149,6149)
Entity 142: (6238,6238) (6264,6264) (6277,6277)
Entity 143: (6282,6282) (6285,6285) (6291,6291)
Entity 144: (6298,6299) (6658,6658) (6878,6878) (8358,8359) (8369,8369)
Entity 145: (6319,6322) (7204,7208) (7214,7214)
Entity 146: (6326,6330) (6332,6332) (6353,6353)
Entity 147: (6339,6341) (7204,7205)
Entity 148: (6449,6453) (6455,6455)
Entity 149: (6487,6488) (6507,6507)
Entity 150: (6541,6542) (7980,7981)
Entity 151: (6603,6604) (6639,6640)
Entity 152: (6672,6673) (6672,6673) (7183,7185) (7339,7340) (7431,7433) (7446,7446) (7550,7552) (7754,7756) (7868,7870) (7879,7879)
Entity 153: (6785,6787) (6806,6806) (6808,6808) (6842,6844) (6851,6851) (6869,6869)
Entity 154: (6886,6891) (6894,6894)
Entity 155: (6919,6923) (6941,6941)
Entity 156: (7027,7034) (7041,7042)
Entity 157: (7062,7063) (7067,7067)
Entity 158: (7179,7193) (7195,7195)
Entity 159: (7220,7226) (7228,7228)
Entity 160: (7296,7298) (7463,7464)
Entity 161: (7385,7391) (7393,7393)
Entity 162: (7546,7552) (7554,7554)
Entity 163: (7567,7572) (7586,7586) (7634,7634)
Entity 164: (7690,7695) (7697,7697)
Entity 165: (7713,7716) (7734,7734)
Entity 166: (7759,7762) (7764,7764)
Entity 167: (7820,7829) (7833,7834) (7845,7846)
Entity 168: (7948,7955) (7964,7964)
Entity 169: (8023,8024) (8119,8120)
Entity 170: (8053,8065) (8138,8139)
Entity 171: (8053,8054) (8124,8125)
Entity 172: (8061,8065) (8129,8133)
Entity 173: (8071,8073) (8082,8083)
Entity 174: (8148,8148) (8158,8158)
Entity 175: (8170,8175) (8176,8176)
Entity 176: (8188,8195) (8218,8219) (8234,8235)
Entity 177: (8243,8248) (8251,8251)
Entity 178: (8253,8256) (8260,8261) (8265,8265) (8285,8285)
Entity 179: (8306,8306) (8321,8322)
====> (english); part 000:
File (english); part 000:
Entity 0: (3,3) (36,36)
Entity 1: (19,24) (53,54) (124,126) (141,141)
Entity 2: (26,26) (42,42)
Entity 3: (85,87) (131,134) (171,172) (189,189) (261,263) (407,408) (445,447) (472,473) (502,503) (505,505) (509,509) (513,513) (625,627) (636,637) (645,647) (670,671) (682,685) (754,755) (777,777) (837,839) (870,872) (938,939) (963,963) (1048,1049) (1078,1078) (1176,1177) (1302,1303) (1541,1543) (1571,1572) (1570,1572) (1618,1620) (1707,1708) (2295,2296) (2359,2360) (2369,2369) (2388,2388) (3324,3326) (3481,3483) (3796,3798) (3919,3922) (3930,3932) (3930,3942) (4064,4066) (4114,4115) (4367,4369) (4450,4451) (4574,4575) (4698,4700) (4795,4797) (4807,4807) (4843,4844) (5023,5025) (5862,5863) (5905,5906) (5950,5951) (6052,6054) (6093,6094) (6151,6152) (6265,6266) (6272,6273) (6487,6488) (6506,6507) (6595,6596) (6663,6663) (6704,6705) (6721,6721) (6896,6896) (6915,6916) (6957,6958) (6968,6968) (6979,6980) (6986,6986) (6993,6993) (7561,7561) (7613,7614) (7628,7629) (7666,7667) (7686,7687) (7699,7699) (7769,7770) (8048,8049) (8065,8065) (8071,8071)
Entity 4: (92,92) (113,113)
Entity 5: (175,177) (1738,1740)
Entity 6: (175,176) (1738,1739) (1874,1875) (3296,3296) (3396,3396) (4601,4601) (4883,4883) (4928,4928)
Entity 7: (224,227) (247,250) (344,347) (1239,1242)
Entity 8: (258,259) (790,790) (1286,1287)
Entity 9: (297,300) (372,375) (946,949)
Entity 10: (328,329) (382,384)
Entity 11: (341,347) (1068,1069)
Entity 12: (431,431) (499,499) (550,550) (596,596)
Entity 13: (442,442) (458,458) (523,523) (587,587)
Entity 14: (476,478) (493,493)
Entity 15: (682,687) (888,890) (945,951) (1228,1230) (1260,1262) (1276,1276) (1626,1629) (1954,1956) (1996,1998) (3416,3418) (3762,3764) (4124,4126) (4128,4128) (4194,4196)
Entity 16: (706,706) (725,725)
Entity 17: (708,708) (727,727) (999,999)
Entity 18: (708,711) (727,730) (734,735)
Entity 19: (710,711) (729,730)
Entity 20: (784,784) (989,989)
Entity 21: (958,959) (979,980)
Entity 22: (976,980) (983,983)
Entity 23: (1001,1001) (2467,2467)
Entity 24: (1003,1003) (2543,2543)
Entity 25: (1012,1014) (1161,1163) (1186,1188) (1945,1947) (2304,2306) (2330,2332) (3837,3840) (4205,4207) (4363,4365) (5570,5572) (6275,6277) (6290,6291) (6296,6296) (6304,6304) (6409,6411) (6562,6563) (6622,6624) (6707,6709) (6734,6735) (6798,6799) (6807,6807) (7062,7064) (7149,7150) (7682,7683) (7766,7767) (7900,7902) (8028,8030)
Entity 26: (1074,1074) (1491,1492) (1515,1516) (2651,2652)
Entity 27: (1111,1114) (1117,1117)
Entity 28: (1111,1119) (1139,1139)
Entity 29: (1197,1197) (1298,1298) (1347,1347) (1368,1368)
Entity 30: (1233,1242) (1608,1609)
Entity 31: (1322,1325) (1457,1460)
Entity 32: (1363,1363) (1411,1411) (1504,1505) (1545,1545) (1561,1561) (1581,1581) (1632,1632)
Entity 33: (1403,1405) (1431,1432) (1669,1671)
Entity 34: (1414,1414) (1428,1428)
Entity 35: (1439,1446) (1472,1473)
Entity 36: (1444,1446) (2023,2023)
Entity 37: (1483,1485) (1523,1525)
Entity 38: (1487,1496) (1500,1500)
Entity 39: (1640,1640) (1725,1725) (1778,1778)
Entity 40: (1645,1646) (1760,1761)
Entity 41: (1697,1699) (2432,2433)
Entity 42: (1780,1780) (1799,1799) (1829,1829) (1847,1847)
Entity 43: (1891,1893) (2032,2033) (2561,2562) (4079,4080)
Entity 44: (1994,1994) (2091,2091) (2097,2097)
Entity 45: (2107,2116) (2133,2136)
Entity 46: (2200,2200) (2215,2215) (2224,2224) (2250,2250) (2290,2290)
Entity 47: (2220,2220) (2233,2233) (2241,2241) (2259,2259) (2275,2275) (2293,2293) (2371,2371) (2391,2391) (2393,2393)
Entity 48: (2242,2244) (4188,4190)
Entity 49: (2313,2313) (2352,2352) (3625,3625)
Entity 50: (2317,2318) (4246,4247)
Entity 51: (2481,2481) (2495,2495) (2502,2502)
Entity 52: (2519,2519) (3438,3438) (3458,3459)
Entity 53: (2545,2546) (2552,2552)
Entity 54: (2564,2567) (2576,2576)
Entity 55: (2603,2604) (2607,2607) (2702,2703)
Entity 56: (2633,2642) (2689,2690) (2780,2781)
Entity 57: (2644,2652) (2663,2663)
Entity 58: (2679,2679) (2718,2718)
Entity 59: (2920,2920) (2924,2924)
Entity 60: (2988,2988) (3007,3007)
Entity 61: (3148,3148) (3152,3152) (3163,3163) (3170,3170) (3181,3181)
Entity 62: (3195,3195) (3214,3214) (3277,3277) (3297,3297) (3335,3335) (3347,3347)
Entity 63: (3205,3206) (3275,3276) (3372,3373)
Entity 64: (3233,3235) (3259,3261) (4570,4570) (5946,5946) (6301,6301) (7616,7616) (7632,7633) (7671,7671) (8051,8052) (8118,8118) (8252,8252)
Entity 65: (3251,3251) (3364,3364) (3369,3369) (3520,3520)
Entity 66: (3255,3261) (3272,3272)
Entity 67: (3307,3307) (3300,3329)
Entity 68: (3332,3334) (3454,3456)
Entity 69: (3379,3379) (3382,3382) (3524,3524)
Entity 70: (3405,3419) (3430,3431)
Entity 71: (3505,3506) (3510,3510)
Entity 72: (3517,3518) (3561,3562)
Entity 73: (3579,3580) (3584,3584)
Entity 74: (3602,3603) (5520,5521)
Entity 75: (3656,3656) (3685,3685)
Entity 76: (3695,3696) (4002,4003) (4005,4005) (4013,4013) (4025,4025) (4035,4035) (4045,4045) (4096,4096) (4106,4106) (4178,4178) (4249,4249) (4298,4298) (4381,4381) (4410,4410) (4425,4425) (4431,4431) (4441,4441) (4447,4447) (4453,4454) (4486,4486) (4559,4559) (4612,4612) (4785,4785) (4791,4791)
Entity 77: (3698,3698) (3859,3859) (3898,3898) (3901,3901)
Entity 78: (3704,3705) (3709,3709)
Entity 79: (3731,3731) (3740,3740)
Entity 80: (3747,3747) (3751,3751)
Entity 81: (3813,3813) (3825,3825) (3850,3850) (3870,3870) (3888,3888) (3903,3903) (3909,3909) (3927,3927)
Entity 82: (3848,3849) (4482,4484)
Entity 83: (3906,3907) (3915,3915)
Entity 84: (3975,3977) (3996,3996) (5097,5098) (5106,5107) (5460,5461) (5527,5528)
Entity 85: (3985,3986) (4550,4551)
Entity 86: (4102,4103) (4185,4186)
Entity 87: (4120,4126) (5552,5554)
Entity 88: (4132,4133) (4134,4134)
Entity 89: (4151,4151) (4194,4194) (4256,4256) (4312,4312) (4324,4324) (4332,4332)
Entity 90: (4202,4210) (5754,5755)
Entity 91: (4259,4261) (4271,4271)
Entity 92: (4264,4267) (4282,4282) (4287,4287) (4327,4328) (4340,4340)
Entity 93: (4363,4369) (4390,4390) (4396,4396)
Entity 94: (4435,4439) (4444,4444)
Entity 95: (4460,4465) (4475,4477)
Entity 96: (4500,4511) (4547,4548) (4553,4553)
Entity 97: (4503,4511) (4517,4517)
Entity 98: (4513,4513) (4544,4544) (4566,4566) (4579,4579)
Entity 99: (4610,4610) (4650,4650)
Entity 100: (4645,4645) (4652,4652) (4659,4659) (4674,4674) (4683,4683) (4688,4688)
Entity 101: (4764,4767) (4770,4770)
Entity 102: (4877,4877) (4881,4881)
Entity 103: (4904,4904) (4906,4906)
Entity 104: (4910,4912) (4916,4916)
Entity 105: (4956,4965) (5032,5033) (5779,5780) (5815,5815) (5997,5998) (6013,6013) (6017,6018) (6477,6478) (6611,6612) (7580,7581) (7603,7604) (7625,7626) (7715,7716) (7826,7827) (7914,7915)
Entity 106: (4964,4965) (6023,6024) (6323,6324) (7379,7380)
Entity 107: (4985,4988) (5979,5982) (6088,6091) (6103,6106) (6528,6531) (6539,6542) (6751,6753) (7007,7010) (7394,7397) (7642,7645)
Entity 108: (5029,5029) (5056,5056)
Entity 109: (5141,5141) (5152,5152)
Entity 110: (5173,5173) (5198,5199)
Entity 111: (5187,5191) (5490,5494)
Entity 112: (5203,5209) (5238,5238)
Entity 113: (5348,5350) (5354,5354)
Entity 114: (5496,5497) (5508,5508)
Entity 115: (5788,5791) (5822,5823)
Entity 116: (5851,5857) (5870,5870) (5886,5886)
Entity 117: (5943,5944) (6326,6327) (6616,6617) (6777,6779)
Entity 118: (5950,5954) (7600,7604)
Entity 119: (5953,5954) (7730,7731)
Entity 120: (5984,5984) (5988,5988) (6000,6000) (6114,6114) (6192,6192)
Entity 121: (5987,5989) (5991,5991)
Entity 122: (6027,6030) (6032,6032)
Entity 123: (6226,6227) (6240,6240) (6393,6394)
Entity 124: (6238,6238) (6245,6245) (6251,6251)
Entity 125: (6272,6277) (6704,6709)
Entity 126: (6351,6351) (6356,6356) (6409,6409) (6446,6446) (6609,6609) (6614,6614)
Entity 127: (6359,6359) (6372,6372) (6380,6380) (6386,6386)
Entity 128: (6427,6427) (6448,6448)
Entity 129: (6438,6443) (6450,6450)
Entity 130: (6506,6512) (6517,6517)
Entity 131: (6639,6640) (8087,8089)
Entity 132: (6718,6723) (6730,6731)
Entity 133: (6770,6771) (7282,7284) (7444,7445)
Entity 134: (6830,6831) (7021,7022) (7189,7190) (7247,7248)
Entity 135: (6870,6870) (6880,6880) (6932,6932) (7012,7012) (7031,7031) (7096,7096) (7181,7181) (7192,7192) (7353,7353)
Entity 136: (6884,6886) (6905,6905) (6907,6907) (6941,6943) (6950,6950)
Entity 137: (7078,7080) (7213,7214) (8015,8017)
Entity 138: (7090,7091) (7094,7095)
Entity 139: (7161,7162) (7166,7166)
Entity 140: (7196,7214) (7230,7231)
Entity 141: (7305,7310) (7318,7318)
Entity 142: (7371,7374) (7382,7385) (8142,8145)
Entity 143: (7376,7397) (7408,7410) (7447,7449) (7485,7487) (7525,7527)
Entity 144: (7400,7406) (7568,7569)
Entity 145: (7413,7416) (7432,7433) (7950,7951)
Entity 146: (7468,7471) (7479,7480)
Entity 147: (7536,7538) (7551,7551) (7656,7658) (7973,7975) (7984,7984)
Entity 148: (7565,7565) (7574,7574)
Entity 149: (7583,7588) (7596,7596)
Entity 150: (7704,7704) (7735,7735)
Entity 151: (7820,7827) (7841,7841)
Entity 152: (7936,7936) (7947,7947) (7966,7966) (7994,7994) (8020,8020) (8079,8079) (8092,8092) (8110,8110) (8182,8182)
Entity 153: (8105,8106) (8213,8214)
Entity 154: (8115,8116) (8166,8167) (8239,8240)
Entity 155: (8136,8137) (8234,8235) (8258,8258)
Entity 156: (8154,8155) (8158,8158) (8160,8160) (8191,8191) (8216,8216) (8262,8263)
Entity 157: (8180,8180) (8250,8250)
Entity 158: (8186,8188) (8197,8198)
Entity 159: (8305,8312) (8335,8336)
Entity 160: (8351,8352) (8368,8368)
Entity 161: (8375,8378) (8382,8382) (8402,8402)
Entity 162: (8428,8428) (8438,8438)
Entity 163: (8477,8477) (8475,8477) (8486,8486)
(english); part 000:
Repeated mention in the key: 6672, 6673 798799
Total key mentions: 870
Total response mentions: 638
Strictly correct identified mentions: 29
Partially correct identified mentions: 0
No identified: 841
Invented: 610
Recall: (0.0350877192982456 / 871) 0%	Precision: (2 / 638) 0.31%	F1: 0%
--------------------------------------------------------------------------

====== TOTALS =======
Identification of Mentions: Recall: (29 / 870) 3.33%	Precision: (29 / 638) 4.54%	F1: 3.84%
--------------------------------------------------------------------------
Coreference: Recall: (0.0350877192982456 / 871) 0%	Precision: (2 / 638) 0.31%	F1: 0%
--------------------------------------------------------------------------
