version: 9.0.0-alpha /home/cwalsh/linguistic-processses-ld/evaluator/lib/CorScorer.pm

METRIC muc:
====> (Candidaten_Act5.part.xml.r2r7.0.Dirndl.conll); part 000:
File (Candidaten_Act5.part.xml.r2r7.0.Dirndl.conll); part 000:
Entity 0: (7,8) (11,12)
Entity 1: (13,14) (26,26) (33,33) (72,72) (93,93) (100,100) (168,168) (171,173) (194,196) (306,306) (318,318) (342,342) (343,343) (436,438) (441,441) (854,854) (928,929) (932,933) (935,935)
Entity 2: (19,19) (22,22) (27,27) (38,38) (43,43) (45,45) (47,47) (51,51) (61,61) (66,66) (73,73) (82,82) (86,86) (97,97) (107,107) (110,110) (135,135) (137,137) (148,148) (262,262) (264,264) (270,270) (284,284) (285,285) (292,292) (295,295) (316,316) (323,323) (346,346) (360,362) (366,366) (373,373) (380,380) (386,386) (397,397) (508,508) (511,511) (517,517) (519,519) (523,523) (594,594) (602,602) (657,657) (673,673) (675,675) (711,711) (727,727) (732,732) (802,802) (873,873) (883,883) (928,928) (932,932)
Entity 3: (19,20) (38,39)
Entity 4: (53,54) (364,365)
Entity 5: (110,111) (116,116)
Entity 6: (143,144) (259,260) (310,311) (623,624) (901,902)
Entity 7: (155,156) (922,923)
Entity 8: (157,160) (163,163) (209,211) (222,224) (238,240) (403,406) (409,409) (442,443) (486,487) (490,491) (947,949)
Entity 9: (159,160) (163,164) (405,406) (526,527) (636,637) (701,702) (916,917)
Entity 10: (175,178) (189,192) (413,416) (424,424) (460,463) (471,471)
Entity 11: (181,182) (213,214) (444,445) (909,910)
Entity 12: (200,201) (225,227) (228,228) (232,234) (391,392) (398,398) (410,410) (426,426) (434,434) (466,467) (472,472) (478,478) (485,485) (486,486) (849,850) (870,871) (879,879) (935,936) (939,939) (946,946)
Entity 13: (203,204)
Entity 14: (266,267) (327,329)
Entity 15: (356,356) (357,357)
Entity 16: (455,455) (457,457)
Entity 17: (500,500) (502,502) (548,548) (554,554) (560,560) (571,571) (588,588) (603,603) (614,614) (632,632) (640,640) (669,669) (690,690) (708,708) (709,709) (713,713) (725,725) (729,729) (734,734) (739,739) (746,746) (766,766) (778,778) (787,787) (798,798) (804,804) (809,809) (821,821) (827,827) (830,830) (838,838)
Entity 18: (502,503) (507,507) (632,633) (729,730) (734,735) (778,779) (787,788) (804,805) (827,828)
Entity 19: (539,539)
Entity 20: (554,556) (561,561) (640,641) (746,747)
Entity 21: (563,565)
Entity 22: (571,572) (783,784)
Entity 23: (582,582)
Entity 24: (616,617) (649,650)
Entity 25: (686,688) (845,847)
Entity 26: (698,699)
Entity 27: (755,756) (812,812)
Entity 28: (789,789)
Entity 29: (792,792) (797,797)
Entity 30: (875,877)
Entity 31: (905,907) (920,923)
Entity 32: (941,942) (945,945)
Entity 33: (954,956) (959,959)
====> (Candidaten_Act5.part.xml.r2r7.0.Dirndl.conll); part 000:
File (Candidaten_Act5.part.xml.r2r7.0.Dirndl.conll); part 000:
Entity 0: (11,14) (171,173) (194,196) (436,438)
Entity 1: (19,19) (22,22) (27,27) (38,38) (43,43) (47,47) (51,51) (61,61) (66,66) (73,73) (82,82) (97,97) (107,107) (110,110) (135,135) (148,148) (262,262) (270,270) (284,284) (292,292) (295,295) (316,316) (323,323) (346,346) (373,373) (380,380) (386,386) (397,397) (508,508) (511,511) (517,517) (523,523) (594,594) (602,602) (657,657)
Entity 2: (26,26) (33,33) (72,72) (93,93) (100,100)
Entity 3: (53,54) (364,365)
Entity 4: (56,56) (86,86)
Entity 5: (110,111) (116,116)
Entity 6: (143,145) (310,311)
Entity 7: (155,156) (922,923)
Entity 8: (157,160) (163,163) (403,406) (442,443) (471,471)
Entity 9: (159,160) (405,406) (409,409) (636,637)
Entity 10: (163,164) (168,168)
Entity 11: (175,176) (189,190)
Entity 12: (181,182) (213,214)
Entity 13: (200,201) (391,392) (398,398) (410,410) (426,426) (434,434) (466,467) (472,472) (478,478) (485,485) (486,486)
Entity 14: (207,211) (490,491)
Entity 15: (225,227) (228,228) (232,234)
Entity 16: (228,229) (486,487)
Entity 17: (236,240) (640,641)
Entity 18: (305,305) (306,306) (318,318) (342,342) (455,455) (457,457) (500,500) (548,548) (554,554) (560,560) (571,571) (588,588) (603,603) (614,624) (640,640) (669,669) (690,690) (708,708) (713,713) (725,725) (739,739) (746,746) (766,766)
Entity 19: (360,362) (366,366)
Entity 20: (424,427) (441,441) (472,473)
Entity 21: (502,502) (507,507) (632,632) (729,729) (734,734) (778,778) (787,787) (789,789) (798,798) (804,804) (809,809) (821,821) (827,827) (838,838) (879,879)
Entity 22: (554,556) (561,561)
Entity 23: (571,572) (783,784)
Entity 24: (574,574) (740,741)
Entity 25: (616,617) (649,650) (673,673)
Entity 26: (701,703) (916,923) (935,935) (939,939)
Entity 27: (711,711) (727,727) (732,732)
Entity 28: (745,748) (856,859)
Entity 29: (849,850) (854,854)
Entity 30: (873,873) (883,883) (928,928) (932,932)
Entity 31: (889,891) (893,893)
Entity 32: (914,923) (941,942)
Entity 33: (932,933) (928,936) (946,946) (954,954)
(Candidaten_Act5.part.xml.r2r7.0.Dirndl.conll); part 000:
Total key mentions: 208
Total response mentions: 164
Strictly correct identified mentions: 141
Partially correct identified mentions: 0
No identified: 67
Invented: 23
Recall: (99 / 174) 56.89%	Precision: (99 / 130) 76.15%	F1: 65.13%
--------------------------------------------------------------------------

====== TOTALS =======
Identification of Mentions: Recall: (141 / 208) 67.78%	Precision: (141 / 164) 85.97%	F1: 75.8%
--------------------------------------------------------------------------
Coreference: Recall: (99 / 174) 56.89%	Precision: (99 / 130) 76.15%	F1: 65.13%
--------------------------------------------------------------------------

METRIC bcub:
====> (Candidaten_Act5.part.xml.r2r7.0.Dirndl.conll); part 000:
File (Candidaten_Act5.part.xml.r2r7.0.Dirndl.conll); part 000:
Entity 0: (7,8) (11,12)
Entity 1: (13,14) (26,26) (33,33) (72,72) (93,93) (100,100) (168,168) (171,173) (194,196) (306,306) (318,318) (342,342) (343,343) (436,438) (441,441) (854,854) (928,929) (932,933) (935,935)
Entity 2: (19,19) (22,22) (27,27) (38,38) (43,43) (45,45) (47,47) (51,51) (61,61) (66,66) (73,73) (82,82) (86,86) (97,97) (107,107) (110,110) (135,135) (137,137) (148,148) (262,262) (264,264) (270,270) (284,284) (285,285) (292,292) (295,295) (316,316) (323,323) (346,346) (360,362) (366,366) (373,373) (380,380) (386,386) (397,397) (508,508) (511,511) (517,517) (519,519) (523,523) (594,594) (602,602) (657,657) (673,673) (675,675) (711,711) (727,727) (732,732) (802,802) (873,873) (883,883) (928,928) (932,932)
Entity 3: (19,20) (38,39)
Entity 4: (53,54) (364,365)
Entity 5: (110,111) (116,116)
Entity 6: (143,144) (259,260) (310,311) (623,624) (901,902)
Entity 7: (155,156) (922,923)
Entity 8: (157,160) (163,163) (209,211) (222,224) (238,240) (403,406) (409,409) (442,443) (486,487) (490,491) (947,949)
Entity 9: (159,160) (163,164) (405,406) (526,527) (636,637) (701,702) (916,917)
Entity 10: (175,178) (189,192) (413,416) (424,424) (460,463) (471,471)
Entity 11: (181,182) (213,214) (444,445) (909,910)
Entity 12: (200,201) (225,227) (228,228) (232,234) (391,392) (398,398) (410,410) (426,426) (434,434) (466,467) (472,472) (478,478) (485,485) (486,486) (849,850) (870,871) (879,879) (935,936) (939,939) (946,946)
Entity 13: (203,204)
Entity 14: (266,267) (327,329)
Entity 15: (356,356) (357,357)
Entity 16: (455,455) (457,457)
Entity 17: (500,500) (502,502) (548,548) (554,554) (560,560) (571,571) (588,588) (603,603) (614,614) (632,632) (640,640) (669,669) (690,690) (708,708) (709,709) (713,713) (725,725) (729,729) (734,734) (739,739) (746,746) (766,766) (778,778) (787,787) (798,798) (804,804) (809,809) (821,821) (827,827) (830,830) (838,838)
Entity 18: (502,503) (507,507) (632,633) (729,730) (734,735) (778,779) (787,788) (804,805) (827,828)
Entity 19: (539,539)
Entity 20: (554,556) (561,561) (640,641) (746,747)
Entity 21: (563,565)
Entity 22: (571,572) (783,784)
Entity 23: (582,582)
Entity 24: (616,617) (649,650)
Entity 25: (686,688) (845,847)
Entity 26: (698,699)
Entity 27: (755,756) (812,812)
Entity 28: (789,789)
Entity 29: (792,792) (797,797)
Entity 30: (875,877)
Entity 31: (905,907) (920,923)
Entity 32: (941,942) (945,945)
Entity 33: (954,956) (959,959)
====> (Candidaten_Act5.part.xml.r2r7.0.Dirndl.conll); part 000:
File (Candidaten_Act5.part.xml.r2r7.0.Dirndl.conll); part 000:
Entity 0: (11,14) (171,173) (194,196) (436,438)
Entity 1: (19,19) (22,22) (27,27) (38,38) (43,43) (47,47) (51,51) (61,61) (66,66) (73,73) (82,82) (97,97) (107,107) (110,110) (135,135) (148,148) (262,262) (270,270) (284,284) (292,292) (295,295) (316,316) (323,323) (346,346) (373,373) (380,380) (386,386) (397,397) (508,508) (511,511) (517,517) (523,523) (594,594) (602,602) (657,657)
Entity 2: (26,26) (33,33) (72,72) (93,93) (100,100)
Entity 3: (53,54) (364,365)
Entity 4: (56,56) (86,86)
Entity 5: (110,111) (116,116)
Entity 6: (143,145) (310,311)
Entity 7: (155,156) (922,923)
Entity 8: (157,160) (163,163) (403,406) (442,443) (471,471)
Entity 9: (159,160) (405,406) (409,409) (636,637)
Entity 10: (163,164) (168,168)
Entity 11: (175,176) (189,190)
Entity 12: (181,182) (213,214)
Entity 13: (200,201) (391,392) (398,398) (410,410) (426,426) (434,434) (466,467) (472,472) (478,478) (485,485) (486,486)
Entity 14: (207,211) (490,491)
Entity 15: (225,227) (228,228) (232,234)
Entity 16: (228,229) (486,487)
Entity 17: (236,240) (640,641)
Entity 18: (305,305) (306,306) (318,318) (342,342) (455,455) (457,457) (500,500) (548,548) (554,554) (560,560) (571,571) (588,588) (603,603) (614,624) (640,640) (669,669) (690,690) (708,708) (713,713) (725,725) (739,739) (746,746) (766,766)
Entity 19: (360,362) (366,366)
Entity 20: (424,427) (441,441) (472,473)
Entity 21: (502,502) (507,507) (632,632) (729,729) (734,734) (778,778) (787,787) (789,789) (798,798) (804,804) (809,809) (821,821) (827,827) (838,838) (879,879)
Entity 22: (554,556) (561,561)
Entity 23: (571,572) (783,784)
Entity 24: (574,574) (740,741)
Entity 25: (616,617) (649,650) (673,673)
Entity 26: (701,703) (916,923) (935,935) (939,939)
Entity 27: (711,711) (727,727) (732,732)
Entity 28: (745,748) (856,859)
Entity 29: (849,850) (854,854)
Entity 30: (873,873) (883,883) (928,928) (932,932)
Entity 31: (889,891) (893,893)
Entity 32: (914,923) (941,942)
Entity 33: (932,933) (928,936) (946,946) (954,954)
(Candidaten_Act5.part.xml.r2r7.0.Dirndl.conll); part 000:
Total key mentions: 208
Total response mentions: 164
Strictly correct identified mentions: 141
Partially correct identified mentions: 0
No identified: 67
Invented: 23
Recall: (65.2112767370944 / 208) 31.35%	Precision: (112.645652173913 / 164) 68.68%	F1: 43.05%
--------------------------------------------------------------------------

====== TOTALS =======
Identification of Mentions: Recall: (141 / 208) 67.78%	Precision: (141 / 164) 85.97%	F1: 75.8%
--------------------------------------------------------------------------
Coreference: Recall: (65.2112767370944 / 208) 31.35%	Precision: (112.645652173913 / 164) 68.68%	F1: 43.05%
--------------------------------------------------------------------------

METRIC ceafe:
====> (Candidaten_Act5.part.xml.r2r7.0.Dirndl.conll); part 000:
File (Candidaten_Act5.part.xml.r2r7.0.Dirndl.conll); part 000:
Entity 0: (7,8) (11,12)
Entity 1: (13,14) (26,26) (33,33) (72,72) (93,93) (100,100) (168,168) (171,173) (194,196) (306,306) (318,318) (342,342) (343,343) (436,438) (441,441) (854,854) (928,929) (932,933) (935,935)
Entity 2: (19,19) (22,22) (27,27) (38,38) (43,43) (45,45) (47,47) (51,51) (61,61) (66,66) (73,73) (82,82) (86,86) (97,97) (107,107) (110,110) (135,135) (137,137) (148,148) (262,262) (264,264) (270,270) (284,284) (285,285) (292,292) (295,295) (316,316) (323,323) (346,346) (360,362) (366,366) (373,373) (380,380) (386,386) (397,397) (508,508) (511,511) (517,517) (519,519) (523,523) (594,594) (602,602) (657,657) (673,673) (675,675) (711,711) (727,727) (732,732) (802,802) (873,873) (883,883) (928,928) (932,932)
Entity 3: (19,20) (38,39)
Entity 4: (53,54) (364,365)
Entity 5: (110,111) (116,116)
Entity 6: (143,144) (259,260) (310,311) (623,624) (901,902)
Entity 7: (155,156) (922,923)
Entity 8: (157,160) (163,163) (209,211) (222,224) (238,240) (403,406) (409,409) (442,443) (486,487) (490,491) (947,949)
Entity 9: (159,160) (163,164) (405,406) (526,527) (636,637) (701,702) (916,917)
Entity 10: (175,178) (189,192) (413,416) (424,424) (460,463) (471,471)
Entity 11: (181,182) (213,214) (444,445) (909,910)
Entity 12: (200,201) (225,227) (228,228) (232,234) (391,392) (398,398) (410,410) (426,426) (434,434) (466,467) (472,472) (478,478) (485,485) (486,486) (849,850) (870,871) (879,879) (935,936) (939,939) (946,946)
Entity 13: (203,204)
Entity 14: (266,267) (327,329)
Entity 15: (356,356) (357,357)
Entity 16: (455,455) (457,457)
Entity 17: (500,500) (502,502) (548,548) (554,554) (560,560) (571,571) (588,588) (603,603) (614,614) (632,632) (640,640) (669,669) (690,690) (708,708) (709,709) (713,713) (725,725) (729,729) (734,734) (739,739) (746,746) (766,766) (778,778) (787,787) (798,798) (804,804) (809,809) (821,821) (827,827) (830,830) (838,838)
Entity 18: (502,503) (507,507) (632,633) (729,730) (734,735) (778,779) (787,788) (804,805) (827,828)
Entity 19: (539,539)
Entity 20: (554,556) (561,561) (640,641) (746,747)
Entity 21: (563,565)
Entity 22: (571,572) (783,784)
Entity 23: (582,582)
Entity 24: (616,617) (649,650)
Entity 25: (686,688) (845,847)
Entity 26: (698,699)
Entity 27: (755,756) (812,812)
Entity 28: (789,789)
Entity 29: (792,792) (797,797)
Entity 30: (875,877)
Entity 31: (905,907) (920,923)
Entity 32: (941,942) (945,945)
Entity 33: (954,956) (959,959)
====> (Candidaten_Act5.part.xml.r2r7.0.Dirndl.conll); part 000:
File (Candidaten_Act5.part.xml.r2r7.0.Dirndl.conll); part 000:
Entity 0: (11,14) (171,173) (194,196) (436,438)
Entity 1: (19,19) (22,22) (27,27) (38,38) (43,43) (47,47) (51,51) (61,61) (66,66) (73,73) (82,82) (97,97) (107,107) (110,110) (135,135) (148,148) (262,262) (270,270) (284,284) (292,292) (295,295) (316,316) (323,323) (346,346) (373,373) (380,380) (386,386) (397,397) (508,508) (511,511) (517,517) (523,523) (594,594) (602,602) (657,657)
Entity 2: (26,26) (33,33) (72,72) (93,93) (100,100)
Entity 3: (53,54) (364,365)
Entity 4: (56,56) (86,86)
Entity 5: (110,111) (116,116)
Entity 6: (143,145) (310,311)
Entity 7: (155,156) (922,923)
Entity 8: (157,160) (163,163) (403,406) (442,443) (471,471)
Entity 9: (159,160) (405,406) (409,409) (636,637)
Entity 10: (163,164) (168,168)
Entity 11: (175,176) (189,190)
Entity 12: (181,182) (213,214)
Entity 13: (200,201) (391,392) (398,398) (410,410) (426,426) (434,434) (466,467) (472,472) (478,478) (485,485) (486,486)
Entity 14: (207,211) (490,491)
Entity 15: (225,227) (228,228) (232,234)
Entity 16: (228,229) (486,487)
Entity 17: (236,240) (640,641)
Entity 18: (305,305) (306,306) (318,318) (342,342) (455,455) (457,457) (500,500) (548,548) (554,554) (560,560) (571,571) (588,588) (603,603) (614,624) (640,640) (669,669) (690,690) (708,708) (713,713) (725,725) (739,739) (746,746) (766,766)
Entity 19: (360,362) (366,366)
Entity 20: (424,427) (441,441) (472,473)
Entity 21: (502,502) (507,507) (632,632) (729,729) (734,734) (778,778) (787,787) (789,789) (798,798) (804,804) (809,809) (821,821) (827,827) (838,838) (879,879)
Entity 22: (554,556) (561,561)
Entity 23: (571,572) (783,784)
Entity 24: (574,574) (740,741)
Entity 25: (616,617) (649,650) (673,673)
Entity 26: (701,703) (916,923) (935,935) (939,939)
Entity 27: (711,711) (727,727) (732,732)
Entity 28: (745,748) (856,859)
Entity 29: (849,850) (854,854)
Entity 30: (873,873) (883,883) (928,928) (932,932)
Entity 31: (889,891) (893,893)
Entity 32: (914,923) (941,942)
Entity 33: (932,933) (928,936) (946,946) (954,954)
(Candidaten_Act5.part.xml.r2r7.0.Dirndl.conll); part 000:
Total key mentions: 208
Total response mentions: 164
Strictly correct identified mentions: 141
Partially correct identified mentions: 0
No identified: 67
Invented: 23
Recall: (10.6038933885708 / 34) 31.18%	Precision: (10.6038933885708 / 34) 31.18%	F1: 31.18%
--------------------------------------------------------------------------

====== TOTALS =======
Identification of Mentions: Recall: (141 / 208) 67.78%	Precision: (141 / 164) 85.97%	F1: 75.8%
--------------------------------------------------------------------------
Coreference: Recall: (10.6038933885708 / 34) 31.18%	Precision: (10.6038933885708 / 34) 31.18%	F1: 31.18%
--------------------------------------------------------------------------

METRIC lea:
====> (Candidaten_Act5.part.xml.r2r7.0.Dirndl.conll); part 000:
File (Candidaten_Act5.part.xml.r2r7.0.Dirndl.conll); part 000:
Entity 0: (7,8) (11,12)
Entity 1: (13,14) (26,26) (33,33) (72,72) (93,93) (100,100) (168,168) (171,173) (194,196) (306,306) (318,318) (342,342) (343,343) (436,438) (441,441) (854,854) (928,929) (932,933) (935,935)
Entity 2: (19,19) (22,22) (27,27) (38,38) (43,43) (45,45) (47,47) (51,51) (61,61) (66,66) (73,73) (82,82) (86,86) (97,97) (107,107) (110,110) (135,135) (137,137) (148,148) (262,262) (264,264) (270,270) (284,284) (285,285) (292,292) (295,295) (316,316) (323,323) (346,346) (360,362) (366,366) (373,373) (380,380) (386,386) (397,397) (508,508) (511,511) (517,517) (519,519) (523,523) (594,594) (602,602) (657,657) (673,673) (675,675) (711,711) (727,727) (732,732) (802,802) (873,873) (883,883) (928,928) (932,932)
Entity 3: (19,20) (38,39)
Entity 4: (53,54) (364,365)
Entity 5: (110,111) (116,116)
Entity 6: (143,144) (259,260) (310,311) (623,624) (901,902)
Entity 7: (155,156) (922,923)
Entity 8: (157,160) (163,163) (209,211) (222,224) (238,240) (403,406) (409,409) (442,443) (486,487) (490,491) (947,949)
Entity 9: (159,160) (163,164) (405,406) (526,527) (636,637) (701,702) (916,917)
Entity 10: (175,178) (189,192) (413,416) (424,424) (460,463) (471,471)
Entity 11: (181,182) (213,214) (444,445) (909,910)
Entity 12: (200,201) (225,227) (228,228) (232,234) (391,392) (398,398) (410,410) (426,426) (434,434) (466,467) (472,472) (478,478) (485,485) (486,486) (849,850) (870,871) (879,879) (935,936) (939,939) (946,946)
Entity 13: (203,204)
Entity 14: (266,267) (327,329)
Entity 15: (356,356) (357,357)
Entity 16: (455,455) (457,457)
Entity 17: (500,500) (502,502) (548,548) (554,554) (560,560) (571,571) (588,588) (603,603) (614,614) (632,632) (640,640) (669,669) (690,690) (708,708) (709,709) (713,713) (725,725) (729,729) (734,734) (739,739) (746,746) (766,766) (778,778) (787,787) (798,798) (804,804) (809,809) (821,821) (827,827) (830,830) (838,838)
Entity 18: (502,503) (507,507) (632,633) (729,730) (734,735) (778,779) (787,788) (804,805) (827,828)
Entity 19: (539,539)
Entity 20: (554,556) (561,561) (640,641) (746,747)
Entity 21: (563,565)
Entity 22: (571,572) (783,784)
Entity 23: (582,582)
Entity 24: (616,617) (649,650)
Entity 25: (686,688) (845,847)
Entity 26: (698,699)
Entity 27: (755,756) (812,812)
Entity 28: (789,789)
Entity 29: (792,792) (797,797)
Entity 30: (875,877)
Entity 31: (905,907) (920,923)
Entity 32: (941,942) (945,945)
Entity 33: (954,956) (959,959)
====> (Candidaten_Act5.part.xml.r2r7.0.Dirndl.conll); part 000:
File (Candidaten_Act5.part.xml.r2r7.0.Dirndl.conll); part 000:
Entity 0: (11,14) (171,173) (194,196) (436,438)
Entity 1: (19,19) (22,22) (27,27) (38,38) (43,43) (47,47) (51,51) (61,61) (66,66) (73,73) (82,82) (97,97) (107,107) (110,110) (135,135) (148,148) (262,262) (270,270) (284,284) (292,292) (295,295) (316,316) (323,323) (346,346) (373,373) (380,380) (386,386) (397,397) (508,508) (511,511) (517,517) (523,523) (594,594) (602,602) (657,657)
Entity 2: (26,26) (33,33) (72,72) (93,93) (100,100)
Entity 3: (53,54) (364,365)
Entity 4: (56,56) (86,86)
Entity 5: (110,111) (116,116)
Entity 6: (143,145) (310,311)
Entity 7: (155,156) (922,923)
Entity 8: (157,160) (163,163) (403,406) (442,443) (471,471)
Entity 9: (159,160) (405,406) (409,409) (636,637)
Entity 10: (163,164) (168,168)
Entity 11: (175,176) (189,190)
Entity 12: (181,182) (213,214)
Entity 13: (200,201) (391,392) (398,398) (410,410) (426,426) (434,434) (466,467) (472,472) (478,478) (485,485) (486,486)
Entity 14: (207,211) (490,491)
Entity 15: (225,227) (228,228) (232,234)
Entity 16: (228,229) (486,487)
Entity 17: (236,240) (640,641)
Entity 18: (305,305) (306,306) (318,318) (342,342) (455,455) (457,457) (500,500) (548,548) (554,554) (560,560) (571,571) (588,588) (603,603) (614,624) (640,640) (669,669) (690,690) (708,708) (713,713) (725,725) (739,739) (746,746) (766,766)
Entity 19: (360,362) (366,366)
Entity 20: (424,427) (441,441) (472,473)
Entity 21: (502,502) (507,507) (632,632) (729,729) (734,734) (778,778) (787,787) (789,789) (798,798) (804,804) (809,809) (821,821) (827,827) (838,838) (879,879)
Entity 22: (554,556) (561,561)
Entity 23: (571,572) (783,784)
Entity 24: (574,574) (740,741)
Entity 25: (616,617) (649,650) (673,673)
Entity 26: (701,703) (916,923) (935,935) (939,939)
Entity 27: (711,711) (727,727) (732,732)
Entity 28: (745,748) (856,859)
Entity 29: (849,850) (854,854)
Entity 30: (873,873) (883,883) (928,928) (932,932)
Entity 31: (889,891) (893,893)
Entity 32: (914,923) (941,942)
Entity 33: (932,933) (928,936) (946,946) (954,954)
(Candidaten_Act5.part.xml.r2r7.0.Dirndl.conll); part 000:
Total key mentions: 208
Total response mentions: 164
Strictly correct identified mentions: 141
Partially correct identified mentions: 0
No identified: 67
Invented: 23
Recall: (59.0856050382366 / 208) 28.4%	Precision: (103.701298701299 / 164) 63.23%	F1: 39.2%
--------------------------------------------------------------------------

====== TOTALS =======
Identification of Mentions: Recall: (141 / 208) 67.78%	Precision: (141 / 164) 85.97%	F1: 75.8%
--------------------------------------------------------------------------
Coreference: Recall: (59.0856050382366 / 208) 28.4%	Precision: (103.701298701299 / 164) 63.23%	F1: 39.2%
--------------------------------------------------------------------------
