version: 9.0.0-alpha /home/cwalsh/linguistic-processses-ld/evaluator/lib/CorScorer.pm

METRIC muc:
====> (Candidaten_Act5.part.xml.r2r7.0.Dirndl.conll); part 000:
File (Candidaten_Act5.part.xml.r2r7.0.Dirndl.conll); part 000:
Entity 0: (4,4) (8,8) (23,23) (29,29) (33,33) (38,38) (44,45) (56,56) (64,64) (77,77) (87,87) (101,102) (119,119) (121,121) (133,133) (140,140) (141,141) (157,157) (195,195) (644,645)
Entity 1: (7,7) (13,13) (22,22) (51,51) (59,59) (63,63) (85,85) (97,97) (99,99) (106,106) (114,114) (118,118) (125,125) (134,134) (162,162) (167,167) (171,171) (181,181) (202,202) (213,213) (219,219) (228,228) (236,236) (246,246) (247,247) (250,250) (257,257) (293,293) (311,311) (320,320) (334,334) (340,340) (360,360) (363,363) (382,382) (419,419) (427,427) (440,440) (457,457) (463,463) (502,502) (540,540) (546,546) (551,551) (560,560) (563,563) (575,575) (582,582) (595,595) (600,600) (604,604) (615,615) (621,621) (627,627) (644,644) (647,647) (668,668) (670,670) (679,679) (693,693) (701,701) (703,703) (709,709) (734,734) (764,764) (775,775) (789,789) (805,805) (828,828) (857,857) (864,864) (869,869) (891,891) (919,919) (943,943) (949,949)
Entity 2: (25,26)
Entity 3: (79,80) (143,144) (148,148) (156,156) (345,346) (352,353) (355,356) (366,366) (371,371) (379,379) (474,474) (487,487) (514,514) (522,522) (526,526) (535,535) (541,541) (565,565) (576,576) (628,628) (636,636) (649,649) (656,659) (665,665) (805,806) (808,808) (811,811) (891,892) (901,901) (907,907) (949,950) (955,955)
Entity 4: (150,152)
Entity 5: (182,183) (186,186) (193,193) (204,204)
Entity 6: (188,189)
Entity 7: (206,207) (215,216) (220,220) (243,244) (262,262) (328,328) (336,337) (345,345) (673,674) (676,677) (711,711) (718,718) (728,728) (745,745) (749,749) (759,760)
Entity 8: (254,258) (298,301) (688,689)
Entity 9: (257,258) (265,265) (273,273) (279,279) (300,301) (681,682) (688,688) (695,695)
Entity 10: (314,314)
Entity 11: (371,372) (374,374)
Entity 12: (382,383) (386,386) (402,402) (409,409) (421,421) (446,446) (473,474) (487,489) (494,494) (565,567) (580,580) (636,638)
Entity 13: (440,449) (463,464) (471,471) (478,478) (493,493) (551,552)
Entity 14: (466,467) (470,470)
Entity 15: (494,496) (810,812)
Entity 16: (585,586) (589,589)
Entity 17: (604,607) (614,614)
Entity 18: (630,631)
Entity 19: (661,662) (719,720) (750,751) (755,755) (768,769) (772,772) (775,776) (781,781) (786,786) (796,796) (803,803) (820,820) (857,858) (860,860) (862,862) (873,873) (883,883) (897,897) (927,927) (934,934)
Entity 20: (721,722) (735,735)
Entity 21: (778,779)
Entity 22: (791,792) (795,795)
Entity 23: (837,838) (845,845)
Entity 24: (897,898)
====> (Candidaten_Act5.part.xml.r2r7.0.Dirndl.conll); part 000:
File (Candidaten_Act5.part.xml.r2r7.0.Dirndl.conll); part 000:
Entity 0: (4,4) (8,8) (23,23) (29,29) (33,33) (38,38) (64,64) (77,77) (87,87)
Entity 1: (7,7) (13,13) (22,22) (51,51) (59,59) (63,63)
Entity 2: (79,81) (143,144) (148,148) (156,156) (345,346)
Entity 3: (85,85) (97,97) (106,106) (114,114) (118,118) (125,125) (134,134) (162,162) (167,167) (171,171) (181,181) (202,202) (213,213) (219,219) (228,228) (236,236) (246,246) (247,247) (250,250) (257,257) (293,293) (311,311) (320,320) (334,334) (340,340) (360,360) (363,363) (382,382) (419,419) (427,427) (440,440) (457,457) (463,463) (502,502) (540,540) (546,546) (551,551) (560,560) (563,563) (575,575) (582,582) (595,595) (600,600) (604,604) (615,615) (621,621) (627,627) (644,644) (647,647) (668,668) (670,670) (679,679) (693,693) (701,701) (703,703) (709,709) (734,734) (764,764) (775,775) (789,789) (805,805) (828,828) (857,857) (864,864) (869,869) (891,891) (919,919) (943,943) (949,949)
Entity 4: (119,119) (121,121) (133,133) (140,140) (157,157) (195,195)
Entity 5: (150,152) (907,908)
Entity 6: (182,183) (186,186) (193,193) (204,204)
Entity 7: (215,216) (220,220) (243,244) (262,262) (328,328) (335,337) (345,345) (366,366) (371,371) (379,379) (676,677) (759,761)
Entity 8: (224,224) (572,572) (576,576)
Entity 9: (254,258) (688,689)
Entity 10: (257,258) (273,273) (279,279) (300,301) (681,682) (688,688) (695,695)
Entity 11: (360,361) (371,372)
Entity 12: (382,383) (386,386) (402,402) (421,421)
Entity 13: (440,441) (443,443) (446,446) (463,464) (551,552) (580,580)
Entity 14: (461,464) (474,474)
Entity 15: (466,468) (470,470) (471,471) (478,478) (493,493)
Entity 16: (480,480) (487,487) (514,514) (522,522)
Entity 17: (487,489) (661,662) (719,720)
Entity 18: (505,506) (526,526) (535,535) (565,565)
Entity 19: (535,537) (539,539)
Entity 20: (568,570) (696,697)
Entity 21: (585,586) (589,589) (614,614) (628,628) (636,636)
Entity 22: (634,641) (649,649) (659,659) (665,665)
Entity 23: (703,704) (718,718) (728,728) (735,735) (745,745) (749,749) (772,772) (786,786) (796,796) (803,803) (808,808) (811,811) (820,820) (860,860) (873,873) (883,883) (897,897) (901,901) (907,907) (927,927) (934,934) (955,955)
Entity 24: (750,751) (755,755)
Entity 25: (775,776) (857,858)
Entity 26: (789,790) (897,898)
Entity 27: (791,792) (795,795)
Entity 28: (805,806) (891,892)
Entity 29: (840,841) (845,845)
Entity 30: (863,863) (952,952)
Entity 31: (914,917) (953,954)
(Candidaten_Act5.part.xml.r2r7.0.Dirndl.conll); part 000:
Total key mentions: 220
Total response mentions: 206
Strictly correct identified mentions: 180
Partially correct identified mentions: 0
No identified: 40
Invented: 26
Recall: (143 / 195) 73.33%	Precision: (143 / 174) 82.18%	F1: 77.5%
--------------------------------------------------------------------------

====== TOTALS =======
Identification of Mentions: Recall: (180 / 220) 81.81%	Precision: (180 / 206) 87.37%	F1: 84.5%
--------------------------------------------------------------------------
Coreference: Recall: (143 / 195) 73.33%	Precision: (143 / 174) 82.18%	F1: 77.5%
--------------------------------------------------------------------------

METRIC bcub:
====> (Candidaten_Act5.part.xml.r2r7.0.Dirndl.conll); part 000:
File (Candidaten_Act5.part.xml.r2r7.0.Dirndl.conll); part 000:
Entity 0: (4,4) (8,8) (23,23) (29,29) (33,33) (38,38) (44,45) (56,56) (64,64) (77,77) (87,87) (101,102) (119,119) (121,121) (133,133) (140,140) (141,141) (157,157) (195,195) (644,645)
Entity 1: (7,7) (13,13) (22,22) (51,51) (59,59) (63,63) (85,85) (97,97) (99,99) (106,106) (114,114) (118,118) (125,125) (134,134) (162,162) (167,167) (171,171) (181,181) (202,202) (213,213) (219,219) (228,228) (236,236) (246,246) (247,247) (250,250) (257,257) (293,293) (311,311) (320,320) (334,334) (340,340) (360,360) (363,363) (382,382) (419,419) (427,427) (440,440) (457,457) (463,463) (502,502) (540,540) (546,546) (551,551) (560,560) (563,563) (575,575) (582,582) (595,595) (600,600) (604,604) (615,615) (621,621) (627,627) (644,644) (647,647) (668,668) (670,670) (679,679) (693,693) (701,701) (703,703) (709,709) (734,734) (764,764) (775,775) (789,789) (805,805) (828,828) (857,857) (864,864) (869,869) (891,891) (919,919) (943,943) (949,949)
Entity 2: (25,26)
Entity 3: (79,80) (143,144) (148,148) (156,156) (345,346) (352,353) (355,356) (366,366) (371,371) (379,379) (474,474) (487,487) (514,514) (522,522) (526,526) (535,535) (541,541) (565,565) (576,576) (628,628) (636,636) (649,649) (656,659) (665,665) (805,806) (808,808) (811,811) (891,892) (901,901) (907,907) (949,950) (955,955)
Entity 4: (150,152)
Entity 5: (182,183) (186,186) (193,193) (204,204)
Entity 6: (188,189)
Entity 7: (206,207) (215,216) (220,220) (243,244) (262,262) (328,328) (336,337) (345,345) (673,674) (676,677) (711,711) (718,718) (728,728) (745,745) (749,749) (759,760)
Entity 8: (254,258) (298,301) (688,689)
Entity 9: (257,258) (265,265) (273,273) (279,279) (300,301) (681,682) (688,688) (695,695)
Entity 10: (314,314)
Entity 11: (371,372) (374,374)
Entity 12: (382,383) (386,386) (402,402) (409,409) (421,421) (446,446) (473,474) (487,489) (494,494) (565,567) (580,580) (636,638)
Entity 13: (440,449) (463,464) (471,471) (478,478) (493,493) (551,552)
Entity 14: (466,467) (470,470)
Entity 15: (494,496) (810,812)
Entity 16: (585,586) (589,589)
Entity 17: (604,607) (614,614)
Entity 18: (630,631)
Entity 19: (661,662) (719,720) (750,751) (755,755) (768,769) (772,772) (775,776) (781,781) (786,786) (796,796) (803,803) (820,820) (857,858) (860,860) (862,862) (873,873) (883,883) (897,897) (927,927) (934,934)
Entity 20: (721,722) (735,735)
Entity 21: (778,779)
Entity 22: (791,792) (795,795)
Entity 23: (837,838) (845,845)
Entity 24: (897,898)
====> (Candidaten_Act5.part.xml.r2r7.0.Dirndl.conll); part 000:
File (Candidaten_Act5.part.xml.r2r7.0.Dirndl.conll); part 000:
Entity 0: (4,4) (8,8) (23,23) (29,29) (33,33) (38,38) (64,64) (77,77) (87,87)
Entity 1: (7,7) (13,13) (22,22) (51,51) (59,59) (63,63)
Entity 2: (79,81) (143,144) (148,148) (156,156) (345,346)
Entity 3: (85,85) (97,97) (106,106) (114,114) (118,118) (125,125) (134,134) (162,162) (167,167) (171,171) (181,181) (202,202) (213,213) (219,219) (228,228) (236,236) (246,246) (247,247) (250,250) (257,257) (293,293) (311,311) (320,320) (334,334) (340,340) (360,360) (363,363) (382,382) (419,419) (427,427) (440,440) (457,457) (463,463) (502,502) (540,540) (546,546) (551,551) (560,560) (563,563) (575,575) (582,582) (595,595) (600,600) (604,604) (615,615) (621,621) (627,627) (644,644) (647,647) (668,668) (670,670) (679,679) (693,693) (701,701) (703,703) (709,709) (734,734) (764,764) (775,775) (789,789) (805,805) (828,828) (857,857) (864,864) (869,869) (891,891) (919,919) (943,943) (949,949)
Entity 4: (119,119) (121,121) (133,133) (140,140) (157,157) (195,195)
Entity 5: (150,152) (907,908)
Entity 6: (182,183) (186,186) (193,193) (204,204)
Entity 7: (215,216) (220,220) (243,244) (262,262) (328,328) (335,337) (345,345) (366,366) (371,371) (379,379) (676,677) (759,761)
Entity 8: (224,224) (572,572) (576,576)
Entity 9: (254,258) (688,689)
Entity 10: (257,258) (273,273) (279,279) (300,301) (681,682) (688,688) (695,695)
Entity 11: (360,361) (371,372)
Entity 12: (382,383) (386,386) (402,402) (421,421)
Entity 13: (440,441) (443,443) (446,446) (463,464) (551,552) (580,580)
Entity 14: (461,464) (474,474)
Entity 15: (466,468) (470,470) (471,471) (478,478) (493,493)
Entity 16: (480,480) (487,487) (514,514) (522,522)
Entity 17: (487,489) (661,662) (719,720)
Entity 18: (505,506) (526,526) (535,535) (565,565)
Entity 19: (535,537) (539,539)
Entity 20: (568,570) (696,697)
Entity 21: (585,586) (589,589) (614,614) (628,628) (636,636)
Entity 22: (634,641) (649,649) (659,659) (665,665)
Entity 23: (703,704) (718,718) (728,728) (735,735) (745,745) (749,749) (772,772) (786,786) (796,796) (803,803) (808,808) (811,811) (820,820) (860,860) (873,873) (883,883) (897,897) (901,901) (907,907) (927,927) (934,934) (955,955)
Entity 24: (750,751) (755,755)
Entity 25: (775,776) (857,858)
Entity 26: (789,790) (897,898)
Entity 27: (791,792) (795,795)
Entity 28: (805,806) (891,892)
Entity 29: (840,841) (845,845)
Entity 30: (863,863) (952,952)
Entity 31: (914,917) (953,954)
(Candidaten_Act5.part.xml.r2r7.0.Dirndl.conll); part 000:
Total key mentions: 220
Total response mentions: 206
Strictly correct identified mentions: 180
Partially correct identified mentions: 0
No identified: 40
Invented: 26
Recall: (106.118421052631 / 220) 48.23%	Precision: (145.575757575758 / 206) 70.66%	F1: 57.33%
--------------------------------------------------------------------------

====== TOTALS =======
Identification of Mentions: Recall: (180 / 220) 81.81%	Precision: (180 / 206) 87.37%	F1: 84.5%
--------------------------------------------------------------------------
Coreference: Recall: (106.118421052631 / 220) 48.23%	Precision: (145.575757575758 / 206) 70.66%	F1: 57.33%
--------------------------------------------------------------------------

METRIC ceafe:
====> (Candidaten_Act5.part.xml.r2r7.0.Dirndl.conll); part 000:
File (Candidaten_Act5.part.xml.r2r7.0.Dirndl.conll); part 000:
Entity 0: (4,4) (8,8) (23,23) (29,29) (33,33) (38,38) (44,45) (56,56) (64,64) (77,77) (87,87) (101,102) (119,119) (121,121) (133,133) (140,140) (141,141) (157,157) (195,195) (644,645)
Entity 1: (7,7) (13,13) (22,22) (51,51) (59,59) (63,63) (85,85) (97,97) (99,99) (106,106) (114,114) (118,118) (125,125) (134,134) (162,162) (167,167) (171,171) (181,181) (202,202) (213,213) (219,219) (228,228) (236,236) (246,246) (247,247) (250,250) (257,257) (293,293) (311,311) (320,320) (334,334) (340,340) (360,360) (363,363) (382,382) (419,419) (427,427) (440,440) (457,457) (463,463) (502,502) (540,540) (546,546) (551,551) (560,560) (563,563) (575,575) (582,582) (595,595) (600,600) (604,604) (615,615) (621,621) (627,627) (644,644) (647,647) (668,668) (670,670) (679,679) (693,693) (701,701) (703,703) (709,709) (734,734) (764,764) (775,775) (789,789) (805,805) (828,828) (857,857) (864,864) (869,869) (891,891) (919,919) (943,943) (949,949)
Entity 2: (25,26)
Entity 3: (79,80) (143,144) (148,148) (156,156) (345,346) (352,353) (355,356) (366,366) (371,371) (379,379) (474,474) (487,487) (514,514) (522,522) (526,526) (535,535) (541,541) (565,565) (576,576) (628,628) (636,636) (649,649) (656,659) (665,665) (805,806) (808,808) (811,811) (891,892) (901,901) (907,907) (949,950) (955,955)
Entity 4: (150,152)
Entity 5: (182,183) (186,186) (193,193) (204,204)
Entity 6: (188,189)
Entity 7: (206,207) (215,216) (220,220) (243,244) (262,262) (328,328) (336,337) (345,345) (673,674) (676,677) (711,711) (718,718) (728,728) (745,745) (749,749) (759,760)
Entity 8: (254,258) (298,301) (688,689)
Entity 9: (257,258) (265,265) (273,273) (279,279) (300,301) (681,682) (688,688) (695,695)
Entity 10: (314,314)
Entity 11: (371,372) (374,374)
Entity 12: (382,383) (386,386) (402,402) (409,409) (421,421) (446,446) (473,474) (487,489) (494,494) (565,567) (580,580) (636,638)
Entity 13: (440,449) (463,464) (471,471) (478,478) (493,493) (551,552)
Entity 14: (466,467) (470,470)
Entity 15: (494,496) (810,812)
Entity 16: (585,586) (589,589)
Entity 17: (604,607) (614,614)
Entity 18: (630,631)
Entity 19: (661,662) (719,720) (750,751) (755,755) (768,769) (772,772) (775,776) (781,781) (786,786) (796,796) (803,803) (820,820) (857,858) (860,860) (862,862) (873,873) (883,883) (897,897) (927,927) (934,934)
Entity 20: (721,722) (735,735)
Entity 21: (778,779)
Entity 22: (791,792) (795,795)
Entity 23: (837,838) (845,845)
Entity 24: (897,898)
====> (Candidaten_Act5.part.xml.r2r7.0.Dirndl.conll); part 000:
File (Candidaten_Act5.part.xml.r2r7.0.Dirndl.conll); part 000:
Entity 0: (4,4) (8,8) (23,23) (29,29) (33,33) (38,38) (64,64) (77,77) (87,87)
Entity 1: (7,7) (13,13) (22,22) (51,51) (59,59) (63,63)
Entity 2: (79,81) (143,144) (148,148) (156,156) (345,346)
Entity 3: (85,85) (97,97) (106,106) (114,114) (118,118) (125,125) (134,134) (162,162) (167,167) (171,171) (181,181) (202,202) (213,213) (219,219) (228,228) (236,236) (246,246) (247,247) (250,250) (257,257) (293,293) (311,311) (320,320) (334,334) (340,340) (360,360) (363,363) (382,382) (419,419) (427,427) (440,440) (457,457) (463,463) (502,502) (540,540) (546,546) (551,551) (560,560) (563,563) (575,575) (582,582) (595,595) (600,600) (604,604) (615,615) (621,621) (627,627) (644,644) (647,647) (668,668) (670,670) (679,679) (693,693) (701,701) (703,703) (709,709) (734,734) (764,764) (775,775) (789,789) (805,805) (828,828) (857,857) (864,864) (869,869) (891,891) (919,919) (943,943) (949,949)
Entity 4: (119,119) (121,121) (133,133) (140,140) (157,157) (195,195)
Entity 5: (150,152) (907,908)
Entity 6: (182,183) (186,186) (193,193) (204,204)
Entity 7: (215,216) (220,220) (243,244) (262,262) (328,328) (335,337) (345,345) (366,366) (371,371) (379,379) (676,677) (759,761)
Entity 8: (224,224) (572,572) (576,576)
Entity 9: (254,258) (688,689)
Entity 10: (257,258) (273,273) (279,279) (300,301) (681,682) (688,688) (695,695)
Entity 11: (360,361) (371,372)
Entity 12: (382,383) (386,386) (402,402) (421,421)
Entity 13: (440,441) (443,443) (446,446) (463,464) (551,552) (580,580)
Entity 14: (461,464) (474,474)
Entity 15: (466,468) (470,470) (471,471) (478,478) (493,493)
Entity 16: (480,480) (487,487) (514,514) (522,522)
Entity 17: (487,489) (661,662) (719,720)
Entity 18: (505,506) (526,526) (535,535) (565,565)
Entity 19: (535,537) (539,539)
Entity 20: (568,570) (696,697)
Entity 21: (585,586) (589,589) (614,614) (628,628) (636,636)
Entity 22: (634,641) (649,649) (659,659) (665,665)
Entity 23: (703,704) (718,718) (728,728) (735,735) (745,745) (749,749) (772,772) (786,786) (796,796) (803,803) (808,808) (811,811) (820,820) (860,860) (873,873) (883,883) (897,897) (901,901) (907,907) (927,927) (934,934) (955,955)
Entity 24: (750,751) (755,755)
Entity 25: (775,776) (857,858)
Entity 26: (789,790) (897,898)
Entity 27: (791,792) (795,795)
Entity 28: (805,806) (891,892)
Entity 29: (840,841) (845,845)
Entity 30: (863,863) (952,952)
Entity 31: (914,917) (953,954)
(Candidaten_Act5.part.xml.r2r7.0.Dirndl.conll); part 000:
Total key mentions: 220
Total response mentions: 206
Strictly correct identified mentions: 180
Partially correct identified mentions: 0
No identified: 40
Invented: 26
Recall: (10.569582390272 / 25) 42.27%	Precision: (10.569582390272 / 32) 33.02%	F1: 37.08%
--------------------------------------------------------------------------

====== TOTALS =======
Identification of Mentions: Recall: (180 / 220) 81.81%	Precision: (180 / 206) 87.37%	F1: 84.5%
--------------------------------------------------------------------------
Coreference: Recall: (10.569582390272 / 25) 42.27%	Precision: (10.569582390272 / 32) 33.02%	F1: 37.08%
--------------------------------------------------------------------------

METRIC lea:
====> (Candidaten_Act5.part.xml.r2r7.0.Dirndl.conll); part 000:
File (Candidaten_Act5.part.xml.r2r7.0.Dirndl.conll); part 000:
Entity 0: (4,4) (8,8) (23,23) (29,29) (33,33) (38,38) (44,45) (56,56) (64,64) (77,77) (87,87) (101,102) (119,119) (121,121) (133,133) (140,140) (141,141) (157,157) (195,195) (644,645)
Entity 1: (7,7) (13,13) (22,22) (51,51) (59,59) (63,63) (85,85) (97,97) (99,99) (106,106) (114,114) (118,118) (125,125) (134,134) (162,162) (167,167) (171,171) (181,181) (202,202) (213,213) (219,219) (228,228) (236,236) (246,246) (247,247) (250,250) (257,257) (293,293) (311,311) (320,320) (334,334) (340,340) (360,360) (363,363) (382,382) (419,419) (427,427) (440,440) (457,457) (463,463) (502,502) (540,540) (546,546) (551,551) (560,560) (563,563) (575,575) (582,582) (595,595) (600,600) (604,604) (615,615) (621,621) (627,627) (644,644) (647,647) (668,668) (670,670) (679,679) (693,693) (701,701) (703,703) (709,709) (734,734) (764,764) (775,775) (789,789) (805,805) (828,828) (857,857) (864,864) (869,869) (891,891) (919,919) (943,943) (949,949)
Entity 2: (25,26)
Entity 3: (79,80) (143,144) (148,148) (156,156) (345,346) (352,353) (355,356) (366,366) (371,371) (379,379) (474,474) (487,487) (514,514) (522,522) (526,526) (535,535) (541,541) (565,565) (576,576) (628,628) (636,636) (649,649) (656,659) (665,665) (805,806) (808,808) (811,811) (891,892) (901,901) (907,907) (949,950) (955,955)
Entity 4: (150,152)
Entity 5: (182,183) (186,186) (193,193) (204,204)
Entity 6: (188,189)
Entity 7: (206,207) (215,216) (220,220) (243,244) (262,262) (328,328) (336,337) (345,345) (673,674) (676,677) (711,711) (718,718) (728,728) (745,745) (749,749) (759,760)
Entity 8: (254,258) (298,301) (688,689)
Entity 9: (257,258) (265,265) (273,273) (279,279) (300,301) (681,682) (688,688) (695,695)
Entity 10: (314,314)
Entity 11: (371,372) (374,374)
Entity 12: (382,383) (386,386) (402,402) (409,409) (421,421) (446,446) (473,474) (487,489) (494,494) (565,567) (580,580) (636,638)
Entity 13: (440,449) (463,464) (471,471) (478,478) (493,493) (551,552)
Entity 14: (466,467) (470,470)
Entity 15: (494,496) (810,812)
Entity 16: (585,586) (589,589)
Entity 17: (604,607) (614,614)
Entity 18: (630,631)
Entity 19: (661,662) (719,720) (750,751) (755,755) (768,769) (772,772) (775,776) (781,781) (786,786) (796,796) (803,803) (820,820) (857,858) (860,860) (862,862) (873,873) (883,883) (897,897) (927,927) (934,934)
Entity 20: (721,722) (735,735)
Entity 21: (778,779)
Entity 22: (791,792) (795,795)
Entity 23: (837,838) (845,845)
Entity 24: (897,898)
====> (Candidaten_Act5.part.xml.r2r7.0.Dirndl.conll); part 000:
File (Candidaten_Act5.part.xml.r2r7.0.Dirndl.conll); part 000:
Entity 0: (4,4) (8,8) (23,23) (29,29) (33,33) (38,38) (64,64) (77,77) (87,87)
Entity 1: (7,7) (13,13) (22,22) (51,51) (59,59) (63,63)
Entity 2: (79,81) (143,144) (148,148) (156,156) (345,346)
Entity 3: (85,85) (97,97) (106,106) (114,114) (118,118) (125,125) (134,134) (162,162) (167,167) (171,171) (181,181) (202,202) (213,213) (219,219) (228,228) (236,236) (246,246) (247,247) (250,250) (257,257) (293,293) (311,311) (320,320) (334,334) (340,340) (360,360) (363,363) (382,382) (419,419) (427,427) (440,440) (457,457) (463,463) (502,502) (540,540) (546,546) (551,551) (560,560) (563,563) (575,575) (582,582) (595,595) (600,600) (604,604) (615,615) (621,621) (627,627) (644,644) (647,647) (668,668) (670,670) (679,679) (693,693) (701,701) (703,703) (709,709) (734,734) (764,764) (775,775) (789,789) (805,805) (828,828) (857,857) (864,864) (869,869) (891,891) (919,919) (943,943) (949,949)
Entity 4: (119,119) (121,121) (133,133) (140,140) (157,157) (195,195)
Entity 5: (150,152) (907,908)
Entity 6: (182,183) (186,186) (193,193) (204,204)
Entity 7: (215,216) (220,220) (243,244) (262,262) (328,328) (335,337) (345,345) (366,366) (371,371) (379,379) (676,677) (759,761)
Entity 8: (224,224) (572,572) (576,576)
Entity 9: (254,258) (688,689)
Entity 10: (257,258) (273,273) (279,279) (300,301) (681,682) (688,688) (695,695)
Entity 11: (360,361) (371,372)
Entity 12: (382,383) (386,386) (402,402) (421,421)
Entity 13: (440,441) (443,443) (446,446) (463,464) (551,552) (580,580)
Entity 14: (461,464) (474,474)
Entity 15: (466,468) (470,470) (471,471) (478,478) (493,493)
Entity 16: (480,480) (487,487) (514,514) (522,522)
Entity 17: (487,489) (661,662) (719,720)
Entity 18: (505,506) (526,526) (535,535) (565,565)
Entity 19: (535,537) (539,539)
Entity 20: (568,570) (696,697)
Entity 21: (585,586) (589,589) (614,614) (628,628) (636,636)
Entity 22: (634,641) (649,649) (659,659) (665,665)
Entity 23: (703,704) (718,718) (728,728) (735,735) (745,745) (749,749) (772,772) (786,786) (796,796) (803,803) (808,808) (811,811) (820,820) (860,860) (873,873) (883,883) (897,897) (901,901) (907,907) (927,927) (934,934) (955,955)
Entity 24: (750,751) (755,755)
Entity 25: (775,776) (857,858)
Entity 26: (789,790) (897,898)
Entity 27: (791,792) (795,795)
Entity 28: (805,806) (891,892)
Entity 29: (840,841) (845,845)
Entity 30: (863,863) (952,952)
Entity 31: (914,917) (953,954)
(Candidaten_Act5.part.xml.r2r7.0.Dirndl.conll); part 000:
Total key mentions: 220
Total response mentions: 206
Strictly correct identified mentions: 180
Partially correct identified mentions: 0
No identified: 40
Invented: 26
Recall: (97.7128630961568 / 220) 44.41%	Precision: (138.092207792208 / 206) 67.03%	F1: 53.42%
--------------------------------------------------------------------------

====== TOTALS =======
Identification of Mentions: Recall: (180 / 220) 81.81%	Precision: (180 / 206) 87.37%	F1: 84.5%
--------------------------------------------------------------------------
Coreference: Recall: (97.7128630961568 / 220) 44.41%	Precision: (138.092207792208 / 206) 67.03%	F1: 53.42%
--------------------------------------------------------------------------
